date,latent_0,latent_1,latent_2
2014-09-24,-0.045282245,-0.009503387,-0.35135007
2014-09-25,-0.048040062,-0.00804659,-0.35126853
2014-09-26,0.12784481,-0.118257485,-0.41896218
2014-09-29,-0.08131823,-0.0038877353,-0.33292603
2014-09-30,-0.15954316,0.06023477,-0.3093471
2014-10-01,1.0823,-0.7120424,-0.7992778
2014-10-02,-0.08667265,0.010663442,-0.35695753
2014-10-03,-0.09520659,0.009619027,-0.35080916
2014-10-06,-0.22902937,0.12250925,-0.27923316
2014-10-07,0.22549653,-0.17965499,-0.47094473
2014-10-08,0.45716804,-0.32613495,-0.5634567
2014-10-09,-0.053770214,-0.012581557,-0.3720278
2014-10-10,-0.053770214,-0.012581557,-0.3720278
2014-10-13,-0.5281614,0.40024677,-0.052345034
2014-10-14,-0.2723461,0.16100606,-0.22531731
2014-10-15,-0.21159641,0.12406192,-0.26694354
2014-10-16,-0.040044814,0.0055785403,-0.34858558
2014-10-17,0.13312498,-0.10122042,-0.4189254
2014-10-20,-0.19353178,0.095904924,-0.27730295
2014-10-21,-0.03452474,0.002746217,-0.34972757
2014-10-22,0.05588439,-0.054836594,-0.3886093
2014-10-23,-0.18403198,0.08855616,-0.28409111
2014-10-24,-0.14239077,0.06957131,-0.3065762
2014-10-27,0.13097486,-0.10145464,-0.4166097
2014-10-28,0.055728108,-0.05548825,-0.38992065
2014-10-29,-0.20475388,0.118029125,-0.27180755
2014-10-30,-0.3866661,0.2636992,-0.11795366
2014-10-31,-0.16902255,0.095586054,-0.2772611
2014-11-03,0.11765596,-0.08999468,-0.39375132
2014-11-04,0.07745807,-0.06592006,-0.38132507
2014-11-05,-0.15741697,0.06652484,-0.28379542
2014-11-06,-0.041810215,-0.0054577515,-0.32730407
2014-11-07,-0.11850779,0.057766132,-0.30275995
2014-11-10,0.49408048,-0.33827555,-0.53849405
2014-11-11,0.09815279,-0.08345624,-0.3939602
2014-11-12,0.23784071,-0.17257977,-0.44984493
2014-11-13,-0.010958329,-0.019528769,-0.3578813
2014-11-14,-0.0074435025,-0.022102647,-0.35983193
2014-11-17,0.28713772,-0.20711488,-0.47397143
2014-11-18,-0.04842496,-0.014834784,-0.34143096
2014-11-19,-0.18220061,0.056897856,-0.28026184
2014-11-20,-0.0604984,-0.035117142,-0.3205867
2014-11-21,0.13297087,-0.1550287,-0.3993506
2014-11-24,-0.24851847,0.074803375,-0.21837068
2014-11-25,-0.21816982,0.06594593,-0.2402402
2014-11-26,0.2648242,-0.25527743,-0.4448834
2014-11-27,0.66151124,-0.51715297,-0.6033909
2014-11-28,-0.2979888,0.13081273,-0.19544323
2014-12-01,-0.16066752,0.0027635954,-0.27746737
2014-12-02,-0.064652845,-0.056222156,-0.31664896
2014-12-03,-0.2651679,0.11337649,-0.21593708
2014-12-04,-0.60430276,0.48118174,0.04522973
2014-12-05,0.04723768,-0.03545011,-0.35411754
2014-12-08,-0.14608303,0.066835366,-0.26931244
2014-12-09,-0.20424508,0.086820625,-0.21171498
2014-12-10,-0.042462394,-0.021866791,-0.29030013
2014-12-11,-0.230672,0.14941448,-0.19265157
2014-12-12,-0.094050646,0.029762834,-0.2650506
2014-12-15,-0.034376055,-0.006792493,-0.28908542
2014-12-16,-0.12290022,0.028040655,-0.24526788
2014-12-17,-0.04813403,-0.031135716,-0.26990426
2014-12-18,-0.062941894,-0.007830471,-0.26750708
2014-12-19,-0.10671577,0.0062617213,-0.2440372
2014-12-22,0.041518778,-0.07145513,-0.3079566
2014-12-23,0.012513772,-0.047886275,-0.30036917
2014-12-24,-0.0103367865,-0.020398952,-0.29575872
2014-12-25,0.062902585,-0.06646051,-0.32632458
2014-12-26,0.15105107,-0.13641384,-0.3591832
2014-12-29,0.020808503,-0.06538437,-0.3085789
2014-12-30,-0.04373008,-0.026317537,-0.28399575
2014-12-31,-0.2121092,0.13468611,-0.20054284
2015-01-05,0.9095747,-0.5930064,-0.6692263
2015-01-06,-0.45467222,0.38669991,-0.025431816
2015-01-07,0.10536292,-0.052965216,-0.35023454
2015-01-08,0.32885504,-0.19738233,-0.44089633
2015-01-09,-0.5962988,0.53138244,0.11293988
2015-01-12,-0.0024711043,0.03289208,-0.26393297
2015-01-13,-0.03737259,0.061009653,-0.24900474
2015-01-14,-0.13435128,0.118453,-0.19682261
2015-01-15,0.17459655,-0.07798942,-0.3293835
2015-01-16,-0.18186603,0.12826398,-0.14902191
2015-01-19,-0.017426997,0.013452262,-0.23571962
2015-01-20,0.09113586,-0.048368163,-0.2830382
2015-01-21,-0.14916801,0.08651412,-0.17051724
2015-01-22,-0.23774222,0.24006635,-0.0944066
2015-01-23,-0.008718282,0.059344284,-0.22913365
2015-01-26,0.0021960735,0.050698303,-0.23660879
2015-01-27,-0.13740021,0.13084826,-0.15460932
2015-01-28,-0.21794556,0.2446216,-0.07552385
2015-01-29,-0.046972476,0.0963896,-0.1820453
2015-01-30,-0.3026436,0.2618509,0.04580379
2015-02-02,-0.028820664,0.025222048,-0.124838784
2015-02-03,-0.3070953,0.18041173,0.10902261
2015-02-04,-0.060533322,0.0053231344,-0.04838905
2015-02-05,-0.0070233494,-0.013384096,-0.07308331
2015-02-06,0.5495081,-0.3420219,-0.3280728
2015-02-09,-0.014606789,0.010655083,-0.10292089
2015-02-10,0.099855065,-0.046317495,-0.16193752
2015-02-11,0.028456673,0.0018732622,-0.13488443
2015-02-12,-0.00042001903,0.012429237,-0.119754195
2015-02-13,0.08732541,-0.05440732,-0.15626825
2015-02-24,-0.098100394,0.09346742,-0.07974689
2015-02-25,-0.010064632,0.025942981,-0.11479813
2015-02-26,-0.0040127933,0.04866697,-0.12814279
2015-02-27,0.30018556,-0.1676924,-0.24932705
2015-03-02,0.052638486,-0.024696,-0.15272744
2015-03-03,-0.007878542,0.017794058,-0.12995444
2015-03-04,0.10581818,-0.053929083,-0.18038534
2015-03-05,0.6810364,-0.4386725,-0.41904476
2015-03-06,-0.052954867,0.02129335,-0.13513166
2015-03-09,0.7509768,-0.49638623,-0.46538955
2015-03-10,0.046938464,-0.070788994,-0.19656344
2015-03-11,1.1870098,-0.8041616,-0.69142056
2015-03-12,0.29194134,-0.26379845,-0.34789675
2015-03-13,0.034279436,-0.1085088,-0.25021175
2015-03-16,0.060270756,-0.13770792,-0.25738096
2015-03-17,0.07225168,-0.14680824,-0.26514864
2015-03-18,-0.011471108,-0.10866065,-0.22903387
2015-03-19,-0.016984716,-0.11185648,-0.22527318
2015-03-20,-0.101383656,-0.054198734,-0.1947444
2015-03-23,0.03458947,-0.13807619,-0.24956475
2015-03-24,0.98006326,-0.7295572,-0.6293323
2015-03-25,0.033534735,-0.15463126,-0.2613775
2015-03-26,0.8991559,-0.682829,-0.61109847
2015-03-27,0.8805714,-0.6777825,-0.61173123
2015-03-30,-0.075111344,-0.10246557,-0.23675816
2015-03-31,-0.07678652,-0.09523062,-0.23802711
2015-04-01,-0.38081768,0.12688434,-0.04896629
2015-04-02,-0.0009824932,-0.14406243,-0.26091304
2015-04-03,0.14127952,-0.24418259,-0.31369156
2015-04-06,0.1334852,-0.24153712,-0.31466728
2015-04-07,-0.33424327,0.09758457,-0.08813221
2015-04-08,-0.07157302,-0.103121325,-0.23985069
2015-04-09,-0.18383582,-0.027981322,-0.19737273
2015-04-10,-0.06923728,-0.09783566,-0.24248557
2015-04-13,0.19502985,-0.2650387,-0.36180705
2015-04-14,-0.13982621,-0.06710503,-0.22876745
2015-04-15,0.14275849,-0.23511177,-0.3453248
2015-04-16,0.020975351,-0.16186064,-0.2992798
2015-04-17,0.014527231,-0.15849458,-0.29746193
2015-04-20,-0.1694841,-0.052876204,-0.22515984
2015-04-21,-0.2771908,0.020838387,-0.15846373
2015-04-22,-0.082172096,-0.11657981,-0.25286508
2015-04-23,-0.27094692,0.030576922,-0.16267864
2015-04-24,-0.079672635,-0.1070772,-0.26482403
2015-04-27,-0.35613152,0.12750807,-0.10477338
2015-05-04,-0.68903357,0.39197803,0.17193617
2015-05-05,0.041516453,-0.17074648,-0.27785382
2015-05-06,-0.053123146,-0.11888816,-0.25378382
2015-05-07,0.052663565,-0.13225524,-0.31406838
2015-05-08,-0.1950141,0.032458022,-0.22851281
2015-05-11,-0.27044225,0.07488401,-0.1619632
2015-05-12,-0.24218194,0.020428829,-0.20413318
2015-05-13,-0.18120463,-0.013226777,-0.2434523
2015-05-14,-0.07305968,-0.07929535,-0.28647083
2015-05-15,-0.13720725,-0.052764602,-0.25741363
2015-05-18,-0.28634736,0.03773784,-0.16129282
2015-05-19,-0.18438399,-0.031159341,-0.22635357
2015-05-20,-0.30592722,0.10735666,-0.13711908
2015-05-21,-0.09705512,-0.04490619,-0.25996545
2015-05-22,-0.14491586,-0.0016134158,-0.24367718
2015-05-25,-0.06634191,-0.063524164,-0.27395415
2015-05-26,-0.14143553,-0.0036656708,-0.24698417
2015-05-27,0.027927995,-0.08442318,-0.32562673
2015-05-28,-0.5021086,0.41557962,0.0131079005
2015-05-29,0.020159587,-0.012515031,-0.304072
2015-06-01,0.12762591,-0.062015496,-0.34878185
2015-06-02,-0.20692664,0.15318847,-0.1776417
2015-06-03,-0.021045968,0.0057810917,-0.26994827
2015-06-04,-0.024232715,0.0075258464,-0.26928985
2015-06-05,-0.017608345,0.016437538,-0.2762078
2015-06-08,0.19701484,-0.10927395,-0.36665606
2015-06-09,-0.10489221,0.055102795,-0.23804192
2015-06-10,-0.016594678,0.014447726,-0.27630734
2015-06-11,-0.0933142,0.04958784,-0.2399991
2015-06-12,0.04114245,-0.020351864,-0.29811603
2015-06-15,-0.57809854,0.5474485,0.15131497
2015-06-16,-0.045338772,0.089283325,-0.20146964
2015-06-17,0.04615596,0.031264715,-0.23698668
2015-06-18,-0.06720401,0.09974719,-0.18995395
2015-06-19,-0.058369845,0.09150962,-0.18996559
2015-06-22,-0.21862766,0.25631282,-0.052757937
2015-06-23,0.011338174,0.07195813,-0.19015838
2015-06-24,-0.06860851,0.11889925,-0.15462486
2015-06-25,0.17377862,-0.051020212,-0.24695487
2015-06-26,-0.020861447,0.050892957,-0.16356592
2015-06-29,0.13523167,-0.017481647,-0.23637256
2015-06-30,-0.09807776,0.08850994,-0.124311164
2015-07-01,-0.029536486,0.029107362,-0.14483228
2015-07-02,-0.10215417,0.12284047,-0.11476341
2015-07-03,0.018688887,0.050682038,-0.17201985
2015-07-06,0.012800306,0.054299653,-0.16978861
2015-07-07,0.15956402,-0.026934423,-0.23534405
2015-07-08,-0.020485386,0.09904907,-0.16550796
2015-07-09,0.07678528,0.03772988,-0.2049097
2015-07-10,-0.10087394,0.16278252,-0.11145589
2015-07-13,1.0272205,-0.5621466,-0.59200925
2015-07-14,0.08306882,0.022199176,-0.23002
2015-07-15,-0.26838446,0.24993873,0.008380947
2015-07-16,-0.05979175,0.057470284,-0.12565908
2015-07-17,0.039225087,0.0074125603,-0.169052
2015-07-20,0.8242213,-0.49984765,-0.49529165
2015-07-21,-0.0012218356,0.0023203045,-0.17315356
2015-07-22,0.043459326,-0.014828868,-0.19549003
2015-07-23,0.09954855,-0.034339212,-0.22506885
2015-07-24,0.09806347,-0.024410658,-0.23083279
2015-07-27,0.07826695,-0.026490279,-0.22612081
2015-07-28,0.35425717,-0.21757305,-0.33627975
2015-07-29,0.049517855,-0.044360615,-0.21526475
2015-07-30,0.35493642,-0.2367306,-0.3426947
2015-07-31,-0.07094998,0.012371473,-0.17137988
2015-08-03,-0.19830051,0.08392187,-0.088778995
2015-08-04,-0.024129957,-0.028729491,-0.1798257
2015-08-05,-0.011760443,-0.008465059,-0.19283895
2015-08-06,-0.03808379,0.019060895,-0.18555509
2015-08-07,0.7220455,-0.45609918,-0.49855697
2015-08-10,0.50783455,-0.3233526,-0.43063903
2015-08-11,-0.017549232,-0.003689997,-0.2255912
2015-08-12,0.7869729,-0.5364582,-0.540355
2015-08-13,-0.18761906,0.038818173,-0.13852571
2015-08-14,0.010697186,-0.10056186,-0.22049347
2015-08-17,-0.20702066,0.02121099,-0.11546174
2015-08-18,-0.15432787,-0.00727785,-0.14707984
2015-08-19,-0.14277287,0.0036743581,-0.15499367
2015-08-20,-0.28429747,0.089461125,-0.048287854
2015-08-21,-0.05648975,-0.10448668,-0.16342536
2015-08-24,-0.69271904,0.36333182,0.33792165
2015-08-25,-0.16620442,-0.07819056,-0.02560798
2015-08-26,-0.37002346,0.17420873,0.12826154
2015-08-27,-0.08022461,-0.050546266,-0.053121213
2015-08-28,-0.20077112,0.09022138,0.017009217
2015-08-31,-0.1342489,-0.00886891,-0.014336458
2015-09-01,-0.05500406,-0.037947968,-0.049856734
2015-09-03,0.084822625,-0.14025071,-0.10057649
2015-09-04,-0.03189765,-0.05967675,-0.06035601
2015-09-07,-0.03923905,-0.049324863,-0.059230518
2015-09-08,-0.2593059,0.20013124,0.06569176
2015-09-09,-0.10177758,0.102603726,-0.04387586
2015-09-10,0.11969018,-0.03637255,-0.14551912
2015-09-11,0.080204055,-0.026203223,-0.12697566
2015-09-14,-0.033368796,0.07175817,-0.08910913
2015-09-15,0.08901286,-0.0056916773,-0.15505886
2015-09-16,-0.024641246,0.045335837,-0.096806616
2015-09-17,0.012983263,0.011135645,-0.10829438
2015-09-18,0.19029564,-0.08224567,-0.19756429
2015-09-21,-0.038981073,0.10359035,-0.11606096
2015-09-22,1.2343924,-0.72110116,-0.66095203
2015-09-23,0.0076784194,0.035215728,-0.18904573
2015-09-24,0.44267386,-0.22731933,-0.3740049
2015-09-25,-0.14665434,0.123693414,-0.117839664
2015-09-28,0.09508863,-0.058241107,-0.22225398
2015-09-29,0.52997166,-0.33289325,-0.40462637
2015-09-30,0.014751643,-0.019953921,-0.20431809
2015-10-01,0.10015896,-0.051963292,-0.24788778
2015-10-02,-0.01599595,0.018883921,-0.20232747
2015-10-05,-0.021124542,0.02055122,-0.20511858
2015-10-06,0.9419604,-0.4372589,-0.6623962
2015-10-07,0.35447782,0.01223705,-0.47194272
2015-10-08,-0.26242274,0.19731644,-0.080166206
2015-10-09,-0.14895676,0.076077186,-0.15949216
2015-10-12,0.2496582,-0.18173403,-0.32455778
2015-10-13,-0.02335088,-0.015698388,-0.21822734
2015-10-14,0.02859354,-0.059170775,-0.2356103
2015-10-15,0.019309655,-0.054312028,-0.2331466
2015-10-16,0.09181696,-0.100390956,-0.26428825
2015-10-19,0.9833459,-0.6673647,-0.62549865
2015-10-20,-0.20241915,0.044654205,-0.1411302
2015-10-21,-0.09582944,-0.05201838,-0.18469228
2015-10-22,-0.06539205,-0.059165344,-0.19984291
2015-10-23,-0.044487774,-0.060660683,-0.211352
2015-10-26,-0.07755414,-0.062191725,-0.18985386
2015-10-27,-0.073639914,-0.075934,-0.18879688
2015-10-28,-0.04569818,-0.09875456,-0.1983546
2015-10-29,0.3728873,-0.35930118,-0.37021363
2015-10-30,-0.5200064,0.33387232,0.10391141
2015-11-02,-0.040568247,-0.053654246,-0.20059393
2015-11-03,0.6222811,-0.465925,-0.47077972
2015-11-04,-0.19226505,0.014583286,-0.13717078
2015-11-05,0.33520785,-0.316863,-0.3562655
2015-11-06,0.13122976,-0.19548419,-0.28101802
2015-11-09,-0.4011687,0.24023613,0.008689539
2015-11-10,-0.20752607,0.047448076,-0.12223509
2015-11-11,-0.09114073,-0.024191663,-0.18292041
2015-11-12,-0.20497388,0.087326564,-0.121947646
2015-11-13,-0.2094677,0.12617302,-0.11770563
2015-11-16,0.016496837,-0.038839124,-0.23334962
2015-11-17,-0.031564385,-0.039394878,-0.22985692
2015-11-18,0.060058758,-0.07401653,-0.27394965
2015-11-19,-0.08148882,-0.000594534,-0.22100013
2015-11-20,-0.0664053,-0.020427227,-0.22252725
2015-11-23,0.19792017,-0.18628141,-0.33459303
2015-11-24,-0.19899166,0.04240001,-0.16403185
2015-11-25,-0.02833587,-0.07010978,-0.24047603
2015-11-26,-0.050537184,-0.056941256,-0.23283465
2015-11-27,0.5685261,-0.45353207,-0.48180413
2015-11-30,-0.23929413,0.034785435,-0.13889593
2015-12-01,-0.13894448,-0.033439353,-0.20700683
2015-12-02,0.10908863,-0.17669764,-0.31378347
2015-12-03,-0.06178473,-0.07272501,-0.24707337
2015-12-04,-0.13006268,-0.041403525,-0.21559778
2015-12-07,0.5124677,-0.45193735,-0.47476667
2015-12-08,0.18793422,-0.25764632,-0.35205695
2015-12-09,0.018861443,-0.16168931,-0.28631884
2015-12-10,0.3614999,-0.37520778,-0.4265825
2015-12-11,0.79576015,-0.64852595,-0.6081486
2015-12-14,-0.33158216,0.091353185,-0.13257642
2015-12-15,0.19410104,-0.27726763,-0.37897104
2015-12-16,0.6456576,-0.5586772,-0.56393665
2015-12-17,-0.2551517,0.013910357,-0.201921
2015-12-18,-0.095225334,-0.10636605,-0.2733568
2015-12-21,-0.08772205,-0.11696305,-0.27584887
2015-12-22,0.42736453,-0.4346199,-0.48225948
2015-12-23,-0.09100096,-0.11920611,-0.2798863
2015-12-24,-0.09160033,-0.1195242,-0.28171036
2015-12-25,0.042892277,-0.20239991,-0.3355219
2015-12-28,0.78306127,-0.65895396,-0.6322396
2015-12-29,0.23532006,-0.319116,-0.4288577
2015-12-30,0.32050088,-0.34219137,-0.47566557
2015-12-31,-0.63382196,0.4895848,0.0765345
2016-01-04,-0.61452764,0.43724602,0.11949752
2016-01-05,-0.01041165,-0.055404015,-0.2611332
2016-01-06,-0.052769348,-0.023583055,-0.24610944
2016-01-07,-0.13521458,0.010805406,-0.2058189
2016-01-08,-0.088278994,-0.028609365,-0.2191795
2016-01-11,-0.08754408,-0.039983697,-0.21459875
2016-01-12,-0.13196455,0.012280468,-0.20136179
2016-01-13,-0.049616486,-0.04976523,-0.23074077
2016-01-14,-0.04865378,-0.050867386,-0.23267303
2016-01-15,-0.025157094,-0.07726151,-0.23869447
2016-01-18,-0.3519429,0.13289577,-0.014558419
2016-01-19,-0.20893686,0.038429007,-0.12422603
2016-01-20,-0.07265271,-0.067106,-0.18432046
2016-01-21,-0.0732678,-0.07797994,-0.17962708
2016-01-22,-0.25248927,0.10045362,-0.072631195
2016-01-25,-0.36249128,0.28786367,0.03085915
2016-01-26,-0.03745483,0.015563831,-0.17980002
2016-01-27,-0.028725177,0.022424974,-0.18608943
2016-01-28,-0.12116498,0.12300887,-0.14447668
2016-01-29,0.5976287,-0.34490535,-0.4488529
2016-02-01,0.66123074,-0.3974436,-0.49104553
2016-02-02,-0.0010743737,0.004238248,-0.23600388
2016-02-03,-0.05309029,0.024609119,-0.21208827
2016-02-04,-0.017703265,0.026789077,-0.23230231
2016-02-05,-0.021299243,0.052556776,-0.23810421
2016-02-15,-0.036294386,0.06866421,-0.23371692
2016-02-16,0.058705196,0.008099601,-0.27146006
2016-02-17,0.004786521,0.0372634,-0.25048274
2016-02-18,-0.002415657,0.041036308,-0.24914114
2016-02-19,-0.27094784,0.27739513,-0.061875228
2016-02-22,0.7155439,-0.39682704,-0.5202612
2016-02-23,-0.14283772,0.13396966,-0.16385354
2016-02-24,0.08824906,-0.017382808,-0.2728511
2016-02-25,-0.118918076,0.09152896,-0.17801143
2016-02-26,0.0779596,-0.043447338,-0.25547805
2016-02-29,0.3928054,-0.28060642,-0.37175432
2016-03-01,-0.24252939,0.20185733,-0.07749372
2016-03-02,-0.05377716,0.041040465,-0.19383799
2016-03-03,0.20803219,-0.122577704,-0.30160877
2016-03-04,0.035150975,-0.018263452,-0.23521912
2016-03-07,-0.103447154,0.051157944,-0.17315578
2016-03-08,-0.016597763,-0.0018212721,-0.20746407
2016-03-09,0.030642971,-0.02586095,-0.228797
2016-03-10,0.06961499,-0.039955832,-0.24952523
2016-03-11,0.052233636,-0.04164148,-0.2402692
2016-03-14,0.11033723,-0.09584049,-0.2596895
2016-03-15,-0.023270875,-0.014759235,-0.20817995
2016-03-16,0.0023337305,-0.03093364,-0.21915008
2016-03-17,-0.05577261,0.01627504,-0.19908755
2016-03-18,1.1982954,-0.77125555,-0.71952295
2016-03-21,-0.05340658,-0.02050373,-0.2268898
2016-03-22,0.08007352,-0.11437777,-0.27709997
2016-03-23,-0.039690033,-0.04150431,-0.23034349
2016-03-24,0.091049865,-0.13384339,-0.27958474
2016-03-25,-0.10012312,-0.0055244863,-0.20738076
2016-03-28,0.78638065,-0.5551189,-0.56624585
2016-03-29,1.1690266,-0.823192,-0.742007
2016-03-30,-0.07729165,-0.07574686,-0.251288
2016-03-31,-0.16384263,-0.03341093,-0.21262132
2016-04-01,-0.36594215,0.1148063,-0.07651293
2016-04-04,0.11063424,-0.22583151,-0.32644582
2016-04-05,-0.28674462,0.053696454,-0.1452844
2016-04-06,-0.63904643,0.41108173,0.11850691
2016-04-07,0.088165104,-0.15339273,-0.31309217
2016-04-08,-0.06588872,-0.07073039,-0.24923341
2016-04-11,-0.016528845,-0.09010965,-0.27287906
2016-04-12,-0.14509352,-0.022470914,-0.2189006
2016-04-13,-0.06060961,-0.07402417,-0.2523257
2016-04-14,-0.062069,-0.061868303,-0.255087
2016-04-15,-0.27609783,0.07543816,-0.12970002
2016-04-19,-0.14153138,-0.02211164,-0.22048448
2016-04-20,-0.096109524,-0.03858935,-0.24254219
2016-04-21,-0.14706765,0.0044788346,-0.22534315
2016-04-22,-0.2584203,0.13134316,-0.14867865
2016-04-25,0.014136732,-0.06285608,-0.29500568
2016-04-26,-0.044597745,-0.03115271,-0.28423774
2016-04-27,-0.14964181,0.017439231,-0.23572262
2016-04-28,0.0031944811,-0.06503984,-0.2998438
2016-04-29,-0.1980584,0.09840197,-0.21415816
2016-05-04,0.4266041,-0.2983534,-0.4797673
2016-05-05,-0.038332283,-0.015450038,-0.29825324
2016-05-06,-0.16302699,0.08934086,-0.2513272
2016-05-09,0.558025,-0.36072952,-0.5438185
2016-05-10,-0.17559832,0.08116782,-0.2485651
2016-05-11,0.11724982,-0.093075104,-0.37424326
2016-05-12,-0.27878904,0.16202974,-0.16847947
2016-05-13,0.10162777,-0.10308663,-0.3572747
2016-05-16,-0.17345735,0.05825261,-0.24079831
2016-05-17,0.0014755279,-0.052281104,-0.31326297
2016-05-18,-0.108613655,0.0476662,-0.29686704
2016-05-19,-0.25165474,0.18341517,-0.19942686
2016-05-20,-0.014600664,0.008910775,-0.3270695
2016-05-23,-0.29127562,0.20207366,-0.15442829
2016-05-24,0.24399906,-0.15535295,-0.41799605
2016-05-25,-0.31972313,0.21029061,-0.12009317
2016-05-26,-0.064537,0.01855211,-0.28300467
2016-05-27,0.10834539,-0.08053879,-0.36501557
2016-05-30,-0.14089395,0.09044609,-0.27470756
2016-05-31,0.22760975,-0.14347908,-0.41748166
2016-06-01,-0.030513465,0.01867479,-0.31969312
2016-06-02,-0.031035304,0.018364057,-0.3206497
2016-06-03,-0.08863258,0.040154375,-0.29154453
2016-06-06,-0.09114334,0.030691765,-0.28343844
2016-06-07,-0.15001218,0.0945634,-0.26519546
2016-06-08,-0.049336642,0.019134998,-0.30070812
2016-06-09,0.16856456,-0.10895527,-0.39077818
2016-06-10,-0.10231426,0.049951896,-0.28372404
2016-06-13,-0.032296717,-0.004975967,-0.3034893
2016-06-14,-0.035004213,-0.0034185573,-0.30291668
2016-06-15,0.461596,-0.3126185,-0.5040726
2016-06-16,0.55546296,-0.3879459,-0.54613537
2016-06-17,-0.010661066,-0.04405155,-0.32616758
2016-06-20,0.32964873,-0.26610404,-0.46006775
2016-06-21,0.07116425,-0.11029131,-0.36132568
2016-06-22,0.742001,-0.5371255,-0.62910247
2016-06-23,0.105137855,-0.15105945,-0.38228756
2016-06-24,0.040075094,-0.12338172,-0.35439545
2016-06-27,0.7601453,-0.5682273,-0.644246
2016-06-28,-0.068253875,-0.064359136,-0.32141927
2016-06-29,-0.26684403,0.089364566,-0.22318672
2016-06-30,-0.1316225,-0.023437798,-0.29450944
2016-07-01,0.13971007,-0.17910808,-0.40608752
2016-07-04,0.051261857,-0.12762284,-0.3770569
2016-07-05,-0.09198785,-0.016608618,-0.32875827
2016-07-06,-0.06797892,-0.043202735,-0.33208323
2016-07-07,0.19308588,-0.20404455,-0.43674517
2016-07-08,0.06771016,-0.12887844,-0.3895707
2016-07-11,-0.14966571,0.016691245,-0.31087574
2016-07-12,-0.39481583,0.20341814,-0.13070302
2016-07-13,-0.5719175,0.4065491,0.0016107457
2016-07-14,-0.21125391,0.11752836,-0.25385287
2016-07-15,-0.038975045,0.0030521527,-0.34051436
2016-07-18,0.09302652,-0.07956133,-0.39186335
2016-07-19,-0.42239374,0.27812475,-0.08031994
2016-07-20,-0.047257856,-0.030373476,-0.30537805
2016-07-21,-0.106947154,0.01820577,-0.28527692
2016-07-22,0.050333574,-0.079374366,-0.34833437
2016-07-25,-0.24954927,0.105849065,-0.19127168
2016-07-26,-0.10420856,0.007839777,-0.2796569
2016-07-27,-0.041177735,-0.0193787,-0.30748394
2016-07-28,-0.04452166,-0.02822394,-0.30210894
2016-07-29,-0.06328556,-0.028127745,-0.29236388
2016-08-01,-0.050792456,-0.03572955,-0.29724127
2016-08-02,0.18092817,-0.19062275,-0.38767993
2016-08-03,-0.0024181753,-0.07987276,-0.3174156
2016-08-04,-0.06934504,-0.045076683,-0.29096302
2016-08-05,-0.05885318,-0.051460654,-0.29505906
2016-08-08,0.036966532,-0.11104775,-0.33433723
2016-08-09,0.21805644,-0.22441122,-0.40901858
2016-08-10,0.8626209,-0.62201613,-0.678691
2016-08-11,0.34693348,-0.30226707,-0.48966712
2016-08-12,-0.12953617,-0.01747612,-0.30080575
2016-08-15,-0.06668386,-0.056663983,-0.32818785
2016-08-16,1.1296291,-0.7998066,-0.80587476
2016-08-17,-0.006049782,-0.1051703,-0.36928785
2016-08-18,0.20399508,-0.23508212,-0.45429623
2016-08-19,-0.097747326,-0.05703699,-0.33502984
2016-08-22,0.8897514,-0.6646611,-0.7304689
2016-08-23,0.35439342,-0.34125072,-0.5244016
2016-08-24,0.47535193,-0.41759425,-0.57506615
2016-08-25,0.0797683,-0.16140392,-0.42660892
2016-08-26,0.3935358,-0.3530041,-0.5511543
2016-08-29,-0.19448738,0.00044811517,-0.32332182
2016-08-30,0.50832313,-0.42940903,-0.59714013
2016-08-31,-0.08080055,-0.07052737,-0.36898947
2016-09-01,0.1004011,-0.18160355,-0.4391086
2016-09-05,-0.42108136,0.17985186,-0.16918133
2016-09-06,-0.08464803,-0.08027392,-0.36363244
2016-09-07,-0.387627,0.16287073,-0.19491418
2016-09-08,-0.07891363,-0.0651829,-0.37203246
2016-09-09,0.49505287,-0.4161814,-0.59502596
2016-09-12,0.56972027,-0.46161476,-0.6241765
2016-09-13,-0.07957472,-0.0656651,-0.37380785
2016-09-14,-0.08118595,-0.070630655,-0.37016693
2016-09-15,-0.079668045,-0.06569012,-0.37409282
2016-09-16,-0.4149554,0.1800898,-0.17530979
2016-09-19,0.050463304,-0.15706787,-0.41864774
2016-09-20,-0.082980245,-0.07564529,-0.36708525
2016-09-21,-0.22374478,0.007047277,-0.3102466
2016-09-22,-0.24283022,0.027555026,-0.29993284
2016-09-23,0.08733389,-0.17983603,-0.4340467
2016-09-26,-0.08353758,-0.075794585,-0.3687877
2016-09-27,-0.08722767,-0.079368025,-0.36462593
2016-09-28,-0.08608729,-0.08101164,-0.36801326
2016-09-29,-0.3873881,0.16056716,-0.20171764
2016-09-30,-0.19590089,0.0060013123,-0.33383104
2016-10-03,0.32537448,-0.3200848,-0.5317318
2016-10-04,-0.23543072,0.021247141,-0.31070185
2016-10-05,0.4980908,-0.4318511,-0.6006738
2016-10-06,-0.34279183,0.122668855,-0.24788944
2016-10-07,-0.20998481,0.01609907,-0.34689242
2016-10-10,-0.22014633,0.018181633,-0.33833727
2016-10-11,-0.1924828,0.02763889,-0.3612091
2016-10-12,0.037960976,-0.11437714,-0.45382747
2016-10-13,0.055799305,-0.12597585,-0.4612537
2016-10-14,0.37224275,-0.31495184,-0.58174956
2016-10-17,-0.3348642,0.15823773,-0.2726611
2016-10-18,-0.073383,-0.030246787,-0.41832367
2016-10-19,0.123927295,-0.1496169,-0.4954149
2016-10-20,0.007711172,-0.07196952,-0.45017314
2016-10-21,-0.22819488,0.07735989,-0.3534156
2016-10-24,-0.4592008,0.29274523,-0.18161823
2016-10-25,-0.064621046,-0.023163304,-0.4161647
2016-10-26,-0.20843866,0.06584174,-0.36087784
2016-10-27,0.24903104,-0.21872821,-0.54057497
2016-10-28,0.009307921,-0.07092627,-0.447385
2016-10-31,-0.0037357807,-0.06186066,-0.44224128
2016-11-01,0.094494134,-0.12283463,-0.4818514
2016-11-02,-0.3409898,0.17410576,-0.26386893
2016-11-03,-0.33302343,0.15276945,-0.26178098
2016-11-04,-0.346666,0.15082142,-0.24340333
2016-11-07,-0.14636949,0.001849249,-0.3701911
2016-11-08,-0.11515154,-0.01096677,-0.38440424
2016-11-09,-0.46873623,0.25404298,-0.142274
2016-11-10,-0.15269421,-0.000104255974,-0.35327536
2016-11-11,-0.02049601,-0.08818549,-0.3999589
2016-11-14,0.19915476,-0.23109582,-0.4827592
2016-11-15,-0.07980546,-0.06595506,-0.37465668
2016-11-16,-0.17782468,-0.017216742,-0.3314575
2016-11-17,-0.068726435,-0.09044188,-0.36995465
2016-11-18,-0.09013224,-0.08312237,-0.35969153
2016-11-21,0.672393,-0.5636739,-0.66001517
2016-11-22,-0.15498427,-0.059873648,-0.33658463
2016-11-23,-0.2740119,0.03158211,-0.27609965
2016-11-24,-0.09197059,-0.09086682,-0.3608424
2016-11-25,-0.14340195,-0.070418425,-0.3357662
2016-11-28,-0.13945976,-0.089285925,-0.3300236
2016-11-29,-0.36952806,0.10511697,-0.19332208
2016-11-30,-0.23707539,-0.0054339096,-0.28904247
2016-12-01,0.047929794,-0.19380051,-0.39978373
2016-12-02,0.011798263,-0.16674513,-0.3881482
2016-12-05,-0.052479655,-0.1391657,-0.35897398
2016-12-06,-0.2852494,0.030447252,-0.24952058
2016-12-07,0.15166119,-0.2680442,-0.43372807
2016-12-08,0.03282237,-0.19679585,-0.38887078
2016-12-09,-0.43797114,0.17375189,-0.13439824
2016-12-12,-0.19093354,-0.04805556,-0.29324722
2016-12-13,-0.09836534,-0.10435636,-0.32935512
2016-12-14,0.0015979856,-0.16598985,-0.36944693
2016-12-15,-0.09947057,-0.11026836,-0.32830024
2016-12-16,-0.08663677,-0.11816578,-0.33342147
2016-12-19,-0.19467531,-0.03979107,-0.29283482
2016-12-20,-0.14846247,-0.06164679,-0.31194454
2016-12-21,-0.034475446,-0.13146362,-0.3570208
2016-12-22,-0.12339777,-0.08312929,-0.3210121
2016-12-23,0.025926411,-0.18075892,-0.37887144
2016-12-26,0.29383028,-0.35249364,-0.48532814
2016-12-27,-0.0965662,-0.10313556,-0.33558774
2016-12-28,-0.09314707,-0.09938403,-0.3384742
2016-12-29,-0.06488228,-0.10528949,-0.35340855
2016-12-30,-0.64164937,0.48345184,0.06893875
2017-01-03,-0.24793345,0.11808566,-0.1890738
2017-01-04,-0.16965963,0.033907793,-0.23711978
2017-01-05,0.02423355,-0.09710647,-0.3104923
2017-01-06,-0.21552806,0.09588801,-0.19844343
2017-01-09,0.007972375,-0.06016942,-0.3043745
2017-01-10,0.029005915,-0.07430546,-0.31460458
2017-01-11,-0.043312117,-0.02453766,-0.28809923
2017-01-12,-0.058631152,-0.0032972172,-0.2849402
2017-01-13,-0.092737675,0.0069206953,-0.26645288
2017-01-16,-0.12097216,0.013928466,-0.2498535
2017-01-17,-0.38406387,0.3241523,-0.05688754
2017-01-18,-0.13408427,0.09009623,-0.2272516
2017-01-19,-0.075871184,0.041613504,-0.24515049
2017-01-20,-0.0036895126,-0.0026662648,-0.27378088
2017-01-23,-0.059627905,0.020636842,-0.24698539
2017-01-24,-0.15063816,0.12229953,-0.20598252
2017-01-25,-0.0033506453,0.030133583,-0.2755532
2017-02-02,-0.013565257,0.038469665,-0.27162844
2017-02-03,-0.026583552,0.044303343,-0.26730412
2017-02-06,1.2022324,-0.7373051,-0.76795745
2017-02-07,0.24749643,-0.15333503,-0.4036183
2017-02-08,0.04593499,-0.02000495,-0.3317485
2017-02-09,0.05006385,-0.0220607,-0.33597994
2017-02-10,0.17265457,-0.104920335,-0.38406402
2017-02-13,-0.18264332,0.1335899,-0.22871363
2017-02-14,-0.10534029,0.074224465,-0.2711445
2017-02-15,-0.14198539,0.1038379,-0.25210333
2017-02-16,-0.01873216,0.025691621,-0.30080232
2017-02-17,0.065604955,-0.028196447,-0.33523062
2017-02-20,0.0462209,-0.018740363,-0.32935384
2017-02-21,1.1950507,-0.7465801,-0.7945103
2017-02-22,0.2531581,-0.16429698,-0.4367078
2017-02-23,0.073087245,0.0011620298,-0.3941746
2017-02-24,-0.08652952,0.06258606,-0.3153032
2017-02-27,0.09417117,-0.06946505,-0.3781494
2017-02-28,0.41533667,-0.2875142,-0.50044215
2017-03-01,-0.08655892,0.013967529,-0.30517685
2017-03-02,-0.07634942,0.002044402,-0.30552167
2017-03-03,-0.14043158,0.030455865,-0.27488387
2017-03-06,-0.17650196,0.07545913,-0.2612815
2017-03-07,0.11929107,-0.11144606,-0.38122323
2017-03-08,-0.15695967,0.10023857,-0.2885379
2017-03-09,-0.49996912,0.5250021,-0.038224842
2017-03-10,-0.1148676,0.06881134,-0.27252662
2017-03-13,-0.11461578,0.080477916,-0.26968098
2017-03-14,0.055455104,-0.027052693,-0.33843082
2017-03-15,-0.06414613,0.03347201,-0.28543794
2017-03-16,0.0020214617,-0.0076717436,-0.3104815
2017-03-17,0.0075686276,-0.011584185,-0.3133749
2017-03-20,-0.49731672,0.4318088,0.02264988
2017-03-21,-0.17878963,0.1552926,-0.18953656
2017-03-22,-0.010516509,0.036620535,-0.27403843
2017-03-23,0.0045295656,0.026990175,-0.28021204
2017-03-24,-0.059745356,0.06832981,-0.2534976
2017-03-27,-0.14725535,0.117325746,-0.20013487
2017-03-28,0.061477482,-0.027018182,-0.28874698
2017-03-29,-0.012349993,0.012847386,-0.25819904
2017-03-30,-0.035698116,0.052499168,-0.2570309
2017-03-31,-0.12881216,0.095049165,-0.20516564
2017-04-03,0.0062505603,0.015803725,-0.27729744
2017-04-04,-0.013523519,0.027102761,-0.27340624
2017-04-05,-0.00011585653,0.012877606,-0.27758536
2017-04-07,0.5116978,-0.31245694,-0.4871663
2017-04-10,0.08821875,-0.06211538,-0.32403347
2017-04-11,-0.080060884,0.07017791,-0.26480058
2017-04-12,-0.2203476,0.16409844,-0.16263354
2017-04-13,0.0780707,-0.02917821,-0.31407142
2017-04-14,-0.22180896,0.1545724,-0.14546533
2017-04-17,-0.07093236,0.029227577,-0.23141208
2017-04-18,0.9473447,-0.59594506,-0.652257
2017-04-19,0.3407423,-0.25467464,-0.42250746
2017-04-20,-0.039686024,-0.02358117,-0.27515706
2017-04-21,-0.09842265,0.022929035,-0.25498304
2017-04-24,0.22542515,-0.19249728,-0.3799
2017-04-25,0.09033072,-0.117234685,-0.32813376
2017-04-26,-0.16392744,0.05562585,-0.23243962
2017-04-27,-0.15414348,0.06634719,-0.23959412
2017-04-28,-0.47835466,0.41860577,0.011566312
2017-05-03,-0.5753336,0.5483879,0.15910472
2017-05-04,-0.12199642,0.13603759,-0.14099693
2017-05-05,-0.00678578,0.070102006,-0.2018212
2017-05-08,-0.112608746,0.123066925,-0.13861503
2017-05-09,-0.011274755,0.07627914,-0.19162785
2017-05-10,0.0018481165,0.07232834,-0.1967557
2017-05-11,0.115661085,-0.0006692484,-0.2450142
2017-05-12,0.11520034,-0.0069554076,-0.24676831
2017-05-15,-0.067556486,0.08967949,-0.16730858
2017-05-16,0.19432828,-0.07407253,-0.27510554
2017-05-17,0.05193095,0.016177826,-0.22244368
2017-05-18,-0.1800274,0.2201482,-0.08578593
2017-05-19,-0.027875334,0.09791923,-0.1731876
2017-05-22,-0.09388035,0.14915651,-0.12828512
2017-05-23,-0.29829976,0.29119384,0.069977544
2017-05-24,-0.24048299,0.3329574,0.06504143
2017-05-25,0.09063311,0.07202776,-0.13206115
2017-05-26,0.04351026,0.10032142,-0.11301647
2017-05-29,-0.053113356,0.15957808,-0.05796497
2017-05-30,0.10386804,0.045020297,-0.12360239
2017-05-31,0.6465149,-0.31307235,-0.36196148
2017-06-01,0.1709207,-0.007180564,-0.18764909
2017-06-02,0.0031196475,0.08695576,-0.11592738
2017-06-05,0.19206125,-0.023561306,-0.20030975
2017-06-06,0.037074476,0.086806394,-0.14483036
2017-06-07,-0.12820573,0.22207722,-0.032926504
2017-06-08,-0.017942846,0.1275801,-0.10248977
2017-06-09,0.12429273,0.038896628,-0.16165209
2017-06-12,0.05715856,0.06433872,-0.1327573
2017-06-13,0.04900515,0.0730053,-0.1316053
2017-06-14,0.02192299,0.10710723,-0.12120648
2017-06-15,0.12970161,0.029543065,-0.16925748
2017-06-16,0.17912376,-0.000814043,-0.19517085
2017-06-19,0.11657086,0.04078076,-0.17183736
2017-06-20,0.5966894,-0.26612946,-0.37462223
2017-06-21,1.3035085,-0.60577816,-0.74314517
2017-06-22,-0.037000164,0.18111333,-0.2100855
2017-06-23,-0.02071479,0.07218266,-0.16697516
2017-06-26,0.23257968,0.02322743,-0.3212892
2017-06-27,0.19911459,0.058571137,-0.31910744
2017-06-28,0.20414811,0.09808207,-0.34022772
2017-06-29,-0.0001745969,0.24758041,-0.27120996
2017-06-30,0.15586561,0.1644637,-0.33069134
2017-07-03,0.034231633,0.2207408,-0.27530882
2017-07-04,-0.061869904,0.19179639,-0.19169298
2017-07-05,0.8402139,-0.40831593,-0.556765
2017-07-06,0.20823085,0.06677177,-0.3478768
2017-07-07,-0.22403805,0.17015064,-0.051282186
2017-07-10,-0.29264134,0.19130132,0.02462789
2017-07-11,-0.14230426,0.09994776,-0.08284712
2017-07-12,0.18880898,-0.10922108,-0.23145446
2017-07-13,0.11774981,-0.06470641,-0.20768394
2017-07-14,-0.030586094,0.018661864,-0.14782394
2017-07-17,-0.16690125,0.07267419,-0.057458077
2017-07-18,0.5187874,-0.35911554,-0.3521416
2017-07-19,0.45363277,-0.34186804,-0.33242175
2017-07-20,-0.16813073,0.07227012,-0.081215
2017-07-21,-0.21372949,0.08043056,-0.034417715
2017-07-24,-0.17282154,0.0813086,-0.06182905
2017-07-25,-0.5230471,0.59171504,0.22544695
2017-07-26,0.04327354,0.0771429,-0.14278011
2017-07-27,0.18251172,-0.005075179,-0.20423755
2017-07-28,-0.3166018,0.40005964,0.11995019
2017-07-31,0.038230985,0.108767845,-0.108395375
2017-08-01,0.08766697,0.075746365,-0.12740485
2017-08-02,0.06632082,0.07787915,-0.118991226
2017-08-03,0.044941053,0.0907344,-0.110118434
2017-08-04,0.13348684,0.018327303,-0.1440712
2017-08-07,0.3266381,-0.080581285,-0.23489155
2017-08-08,-0.05520436,0.1285668,-0.072464645
2017-08-09,-0.18674771,0.19258434,0.055936746
2017-08-10,0.023934603,0.03409958,-0.06917451
2017-08-11,0.021543875,0.027811624,-0.06801255
2017-08-14,0.10976675,0.029652841,-0.12318154
2017-08-15,-0.04455083,0.09983914,-0.060161535
2017-08-16,0.04134229,0.033324458,-0.10379789
2017-08-17,-0.14569981,0.1198341,0.019323338
2017-08-18,0.15354523,-0.05386401,-0.13137339
2017-08-21,0.022688627,0.009361215,-0.07704401
2017-08-22,1.0715327,-0.66565907,-0.52691346
2017-08-23,-0.0057888925,-0.012119614,-0.1027043
2017-08-24,-0.1797391,0.18368867,-0.004407081
2017-08-25,1.1572657,-0.6722301,-0.6008789
2017-08-28,0.08116683,-0.012333199,-0.18484466
2017-08-29,0.008530617,0.02511239,-0.1547143
2017-08-30,-0.026517019,0.0613546,-0.15289195
2017-08-31,-0.12674466,0.19179088,-0.09698402
2017-09-01,0.0049640536,0.069102004,-0.16140224
2017-09-05,0.14872208,-0.0313128,-0.21822058
2017-09-06,0.16038862,-0.041521765,-0.22665916
2017-09-07,0.6608817,-0.36970246,-0.43676558
2017-09-08,-0.15637228,0.11677865,-0.084177315
2017-09-11,-0.08545829,0.041287147,-0.1196221
2017-09-12,0.33009264,-0.18176416,-0.3024814
2017-09-13,0.09126234,-0.039377637,-0.21507551
2017-09-14,0.021263212,0.00862819,-0.19292675
2017-09-15,0.58856493,-0.36035272,-0.42329356
2017-09-18,0.12980449,-0.07698759,-0.24962927
2017-09-19,0.04523328,-0.033095993,-0.21571577
2017-09-20,0.08011861,-0.05244728,-0.23222591
2017-09-21,-0.0048395693,0.06987909,-0.22912067
2017-09-22,0.9603258,-0.5860498,-0.6048563
2017-09-25,0.073565766,0.052321352,-0.2917462
2017-09-26,-0.028433949,0.00963974,-0.21267284
2017-09-27,-0.009991273,-0.029049799,-0.21135744
2017-09-28,0.09425217,-0.1041413,-0.25118667
2017-09-29,0.7211186,-0.3148094,-0.57392514
2017-10-02,0.1774531,-0.007136129,-0.35091737
2017-10-03,0.03704557,0.0045649484,-0.27465487
2017-10-04,-0.3946008,0.8054478,-0.066232786
2017-10-05,-0.050511792,0.17462856,-0.24420331
2017-10-06,-0.23542815,0.58218473,-0.13425986
2017-10-09,0.26462233,0.099914275,-0.38726133
2017-10-10,0.3580891,0.044408955,-0.43718988
2017-10-11,0.081257075,0.21302411,-0.32746765
2017-10-12,-0.008118868,0.20065933,-0.2683596
2017-10-13,0.14995962,0.17618394,-0.35612804
2017-10-16,-0.043681845,0.19747877,-0.24478762
2017-10-17,0.012035519,0.22492087,-0.28815126
2017-10-18,-0.15269038,0.14267385,-0.13669479
2017-10-19,-0.19267103,0.14848325,-0.089685574
2017-10-20,0.02778025,-0.015021175,-0.2037359
2017-10-23,-0.112028435,0.047147267,-0.15722299
2017-10-24,0.0022366196,-0.013358593,-0.20610808
2017-10-25,-0.0781941,0.05974581,-0.17923163
2017-10-26,-0.028531492,0.017083295,-0.19395603
2017-10-27,-0.120679796,0.116224624,-0.15438248
2017-10-30,-0.13907593,0.10589305,-0.13001002
2017-10-31,0.0013348609,0.012241811,-0.19777046
2017-11-01,0.67964435,-0.4116647,-0.482826
2017-11-02,0.037239805,-0.037058927,-0.23650393
2017-11-03,1.2047336,-0.7569868,-0.72435933
2017-11-06,-0.14652759,0.091113664,-0.1931048
2017-11-07,-0.14323576,0.11215461,-0.20352314
2017-11-08,-0.22780208,0.22224635,-0.1374344
2017-11-09,-0.06739275,0.06720772,-0.22748436
2017-11-10,0.056187242,-0.007990591,-0.28443998
2017-11-13,-0.19319567,0.13160083,-0.14278562
2017-11-14,0.1688666,-0.10604567,-0.31447122
2017-11-15,0.112237036,-0.08646249,-0.29107696
2017-11-16,0.21241784,-0.12540224,-0.3418198
2017-11-17,-0.09512073,0.08409298,-0.2355756
2017-11-20,0.18022949,-0.08342125,-0.3455264
2017-11-21,-0.036162823,0.053641677,-0.26290238
2017-11-22,0.06310722,-0.009417228,-0.30250102
2017-11-23,-0.12135622,0.10999627,-0.22601427
2017-11-24,0.28013986,-0.14750332,-0.3896405
2017-11-27,0.11015257,-0.061662547,-0.32039535
2017-11-28,-0.09262429,0.05367905,-0.23693971
2017-11-29,-0.28184918,0.25863254,-0.1022164
2017-11-30,-0.104636624,0.1046601,-0.22345982
2017-12-01,-0.0741476,0.082528986,-0.23488215
2017-12-04,-0.008775681,0.043083355,-0.26082224
2017-12-05,-0.44033283,0.3574761,0.060214575
2017-12-06,0.21292463,-0.12816575,-0.30561742
2017-12-07,0.040618956,-0.035871662,-0.23537035
2017-12-08,-0.026064903,0.016405776,-0.21336628
2017-12-11,-0.29708666,0.179524,-0.00803263
2017-12-12,-0.027284518,-0.027330123,-0.17130665
2017-12-13,-0.27463326,0.12053073,0.0043567205
2017-12-14,-0.18948546,0.10787893,-0.05026107
2017-12-15,0.009743184,-0.01407405,-0.16231596
2017-12-18,-0.09898182,0.08498473,-0.12426996
2017-12-19,-0.007249847,0.016734786,-0.15672725
2017-12-20,-0.033843383,0.057403736,-0.15202315
2017-12-21,0.14667955,-0.053020693,-0.22807495
2017-12-22,-0.025234848,0.069866665,-0.16575886
2017-12-25,0.063670605,1.8119812e-05,-0.19702591
2017-12-26,0.02504301,0.023079552,-0.18254706
2017-12-27,0.33533484,-0.16974938,-0.32194716
2017-12-28,0.050993636,0.03601908,-0.22185464
2017-12-29,-0.020339414,0.064266734,-0.19778796
2018-01-02,-0.2601,0.29577896,-0.020037025
2018-01-03,0.51414156,-0.24890313,-0.39516282
2018-01-04,0.019370288,0.058543287,-0.20456614
2018-01-05,0.01693973,0.050640784,-0.20088525
2018-01-08,-0.28410572,0.32773986,0.015580331
2018-01-09,0.69426465,-0.35075963,-0.45469165
2018-01-10,0.029166937,0.060958892,-0.19943534
2018-01-11,0.7109272,-0.37323517,-0.4837974
2018-01-12,-0.14725356,0.1415731,-0.11675623
2018-01-15,-0.117080376,0.15771264,-0.1346701
2018-01-16,0.074389786,0.027949832,-0.22632842
2018-01-17,-0.14797129,0.15801889,-0.098466925
2018-01-18,-0.055671357,0.116463386,-0.16184525
2018-01-19,-0.05537802,0.11084626,-0.15896617
2018-01-22,0.030063897,0.06352961,-0.19428723
2018-01-23,0.101973295,0.016229883,-0.22685763
2018-01-24,0.021017626,0.06642112,-0.19565469
2018-01-25,-0.33366376,0.3829037,0.069936104
2018-01-26,-0.22743446,0.31192583,0.037042465
2018-01-29,-0.077944785,0.18830752,-0.04958805
2018-01-30,0.13496593,0.041195214,-0.15006346
2018-01-31,-0.10988632,0.16672426,-0.0065472974
2018-02-01,-0.21002804,0.20333645,0.10489382
2018-02-02,0.0734819,0.0065269247,-0.059147257
2018-02-05,-0.28239977,0.19662699,0.22164641
2018-02-06,-0.18661621,0.049109347,0.19007327
2018-02-07,-0.14315379,0.106964,0.17085625
2018-02-08,-0.10016455,0.021399908,0.1549115
2018-02-09,0.05322866,-0.04301361,0.07903083
2018-02-12,-0.11867917,0.22346812,0.20530213
2018-02-13,0.08491975,0.11886526,0.11169341
2018-02-21,0.18599129,0.06900684,0.0723926
2018-02-22,0.11485875,0.099750884,0.09295492
2018-02-23,0.047742426,0.22279847,0.1393217
2018-02-26,0.08528641,0.18696275,0.123095326
2018-02-27,0.14182672,0.16054133,0.104867496
2018-02-28,0.053095028,0.23794663,0.1701897
2018-03-01,0.33169955,0.052924015,0.05195233
2018-03-02,0.44667083,-0.020170547,-0.014109272
2018-03-05,0.049392104,0.1250372,0.13074952
2018-03-06,0.023721144,0.24878976,0.17639033
2018-03-07,0.1023702,0.13785923,0.14044495
2018-03-08,0.3073767,0.017162882,0.06090073
2018-03-09,0.12111807,0.14494863,0.11316091
2018-03-12,0.769756,-0.2303715,-0.1404603
2018-03-13,0.48021346,-0.062043183,-0.09586014
2018-03-14,0.35591322,-0.0010477975,-0.08110142
2018-03-15,0.32645863,0.01819358,-0.104184866
2018-03-16,0.09896317,0.14949083,-0.04308295
2018-03-19,0.8245549,-0.23675111,-0.34415665
2018-03-20,0.14550918,0.2017591,-0.17293215
2018-03-21,0.122357786,0.2140579,-0.16547094
2018-03-22,-0.05109363,0.17278987,0.0037275823
2018-03-23,0.3402151,-0.10517935,-0.15855807
2018-03-26,0.15383291,0.05867733,-0.1178437
2018-03-27,0.071700424,0.1090359,-0.08759447
2018-03-28,0.60956144,-0.22938266,-0.3079302
2018-03-29,0.12791893,0.048084028,-0.12318969
2018-03-30,-0.031749725,0.06358659,-0.026759919
2018-04-02,0.86090595,-0.17024967,-0.51373345
2018-04-03,0.77438945,0.14510915,-0.58897585
2018-04-04,0.8337999,0.15398508,-0.64570415
2018-04-05,0.29262793,0.5260593,-0.44783884
2018-04-06,0.28998995,0.514638,-0.44299453
2018-04-09,0.28602958,0.5181894,-0.4484095
2018-04-10,0.5395455,0.3695237,-0.5565159
2018-04-11,-0.16934845,0.6449157,-0.07518627
2018-04-12,0.687489,-0.107752375,-0.46403563
2018-04-13,-0.46988115,0.34001738,0.2658778
2018-04-16,-0.12093574,0.06073319,0.016771942
2018-04-17,-0.12875809,0.12577623,0.026776258
2018-04-18,-0.09500861,0.05051107,0.01048438
2018-04-19,-0.31487492,0.17623577,0.2173279
2018-04-20,-0.16094434,0.09165231,0.11524733
2018-04-23,-0.4028516,0.22720033,0.35981268
2018-04-24,-0.009727925,-0.09778451,0.1116515
2018-04-26,-0.33170903,0.07566621,0.37860283
2018-04-27,-0.24185924,0.08533066,0.32684708
2018-05-02,-0.03252162,-0.107090995,0.20149072
2018-05-03,-0.007216215,-0.07454373,0.1825928
2018-05-04,0.089337885,-0.10770162,0.14572471
2018-05-07,-0.14463425,0.14668387,0.28121307
2018-05-08,0.03762847,-0.016586743,0.19521971
2018-05-09,0.04087101,-0.034858063,0.19579495
2018-05-10,-0.1374172,-0.0047805086,0.28014898
2018-05-11,-0.10295804,0.03625589,0.27993444
2018-05-14,0.0802473,-0.057608657,0.19618659
2018-05-15,0.034263864,-0.03470613,0.20406434
2018-05-16,0.18604428,-0.16455236,0.1473114
2018-05-17,0.03185071,-0.11093595,0.1663543
2018-05-18,0.08143449,-0.12450414,0.14034614
2018-05-21,-0.0057231486,-0.10932509,0.17375788
2018-05-22,0.16322732,-0.2532503,0.11308369
2018-05-23,0.047019705,-0.16520965,0.14085025
2018-05-24,0.5591646,-0.4872772,-0.08037171
2018-05-25,-0.18727568,-0.08360219,0.23531695
2018-05-28,-0.0961469,-0.22985578,0.22718419
2018-05-29,-0.22889036,-0.030788958,0.30802235
2018-05-30,-0.042553492,-0.18920606,0.21457462
2018-05-31,-0.18153664,-0.009251714,0.28324366
2018-06-01,0.010019764,-0.1346826,0.1809126
2018-06-04,0.08431846,-0.11393497,0.15076552
2018-06-05,0.051827922,-0.09829832,0.15607922
2018-06-06,0.014675215,-0.07397385,0.16475162
2018-06-07,0.39154965,-0.28135264,0.017859098
2018-06-08,0.13739592,-0.15999481,0.07605167
2018-06-11,-0.009396195,-0.096708946,0.13501933
2018-06-12,-0.11992063,-0.066912375,0.19281706
2018-06-13,0.041515395,-0.16224018,0.1276204
2018-06-14,-0.15018296,-0.0860751,0.22286816
2018-06-15,-0.121260375,-0.06264179,0.20483984
2018-06-18,-0.20116566,-0.05687608,0.2942212
2018-06-19,0.001344949,-0.21606815,0.20223545
2018-06-20,-0.026296258,-0.18336967,0.20645238
2018-06-21,-0.13465357,-0.15211768,0.26489532
2018-06-22,-0.01092118,-0.18976581,0.20653664
2018-06-25,0.6857146,-0.59493035,-0.07085477
2018-06-26,0.70696294,-0.6560853,-0.13527839
2018-06-27,-0.08896751,-0.21244165,0.17640343
2018-06-28,0.5273644,-0.62749046,-0.07063374
2018-06-29,-0.08735374,-0.2798958,0.1645353
2018-07-02,-0.029783756,-0.36644453,0.1626362
2018-07-03,-0.39871502,-0.08926884,0.38801074
2018-07-04,-0.2672146,-0.20138666,0.29404184
2018-07-05,-0.28551036,-0.17500493,0.32656544
2018-07-06,-0.5551348,0.120081745,0.5964921
2018-07-09,-0.12204066,-0.222067,0.29901546
2018-07-10,-0.076978624,-0.22766718,0.27590638
2018-07-11,-0.2724818,-0.12947817,0.41337082
2018-07-12,-0.23601307,-0.12339429,0.39799666
2018-07-13,-0.040719226,-0.17287955,0.31038317
2018-07-16,0.064269215,-0.15728578,0.2655497
2018-07-17,-0.10803163,0.026192904,0.3452012
2018-07-18,-0.010915905,0.048759922,0.30542594
2018-07-19,0.09377295,-0.04927952,0.26711673
2018-07-20,0.06442787,0.021065071,0.27769202
2018-07-23,0.044154182,-0.0072548687,0.26942286
2018-07-24,0.051389158,-0.034709394,0.25828215
2018-07-25,0.016805887,-0.05428523,0.27553895
2018-07-26,0.07460196,-0.054019056,0.24948783
2018-07-27,0.04097116,0.0011632219,0.2595168
2018-07-30,0.40729403,-0.1519576,0.1025227
2018-07-31,0.60264915,-0.27252126,-0.0075600473
2018-08-01,-0.0015712082,0.046151236,0.17848724
2018-08-02,0.63471776,-0.34886912,-0.07180537
2018-08-03,0.6479886,-0.3733838,-0.13068978
2018-08-06,-0.038885847,-0.007098362,0.08699116
2018-08-07,0.0060154796,-0.031580307,0.06963573
2018-08-08,1.0939229,-0.6438074,-0.331249
2018-08-09,0.25874254,-0.18884015,-0.084490955
2018-08-10,0.18411756,-0.14350864,-0.06439662
2018-08-13,-0.11264573,0.25468424,0.041520797
2018-08-14,0.28855902,-0.16242683,-0.11141336
2018-08-15,0.108937144,-0.093091525,-0.03445427
2018-08-16,0.12633997,-0.080362506,-0.052550774
2018-08-17,0.27050084,-0.19148725,-0.1113424
2018-08-20,-0.0344297,-0.04694114,0.005413306
2018-08-21,-0.12887415,0.052864663,0.035316776
2018-08-22,0.28898743,-0.21189424,-0.14287238
2018-08-23,0.15789366,-0.13503596,-0.10751055
2018-08-24,0.17651626,-0.14673513,-0.120770544
2018-08-27,0.08882183,-0.07279734,-0.10247803
2018-08-28,0.004958242,-0.023280762,-0.07081115
2018-08-29,0.1187323,-0.1025143,-0.1138158
2018-08-30,-0.02912344,0.06608809,-0.0799187
2018-08-31,-0.1274963,0.08652041,-0.008403295
2018-09-04,-0.16007075,0.12212903,0.025814094
2018-09-05,-0.086617246,0.03537012,-0.020307776
2018-09-06,0.143098,-0.11905492,-0.10575019
2018-09-07,-0.12140847,0.07559893,-6.767828e-05
2018-09-10,-0.0016421676,0.008389741,-0.06322232
2018-09-11,1.0232246,-0.5104983,-0.5391517
2018-09-12,0.18088105,-0.029216118,-0.19230774
2018-09-13,0.3424707,-0.019458614,-0.30232573
2018-09-14,0.19865057,-0.06678016,-0.20249556
2018-09-17,-0.16760945,0.051421784,-0.017065499
2018-09-18,0.22459072,-0.20036271,-0.18137199
2018-09-19,0.3468504,-0.23109055,-0.24538122
2018-09-20,-0.01438643,0.16265577,-0.16515641
2018-09-21,-0.027617171,0.2717375,-0.18591271
2018-09-24,0.028368741,0.27878758,-0.23688142
2018-09-25,0.1839292,0.034554727,-0.25183505
2018-09-26,0.00085026026,0.073441796,-0.16938734
2018-09-27,0.039557576,0.03296335,-0.1806008
2018-09-28,0.20934084,-0.14369091,-0.24299465
2018-10-01,0.18492761,-0.13757417,-0.2542044
2018-10-02,0.5141257,-0.35846433,-0.38824767
2018-10-03,0.16253388,-0.11038842,-0.2663402
2018-10-04,-0.28599244,0.5887656,-0.1045232
2018-10-05,0.010233879,0.0088382065,-0.21174712
2018-10-08,0.07928531,-0.034026287,-0.24432628
2018-10-09,-0.28306162,0.1938662,-0.023975201
2018-10-10,-0.05137319,-0.013366066,-0.16667207
2018-10-11,-0.6473566,0.4203603,0.33041358
2018-10-12,-0.17877531,0.057968773,0.0033823932
2018-10-15,-0.0457211,-0.06925516,-0.05516972
2018-10-16,-0.15189087,0.03387887,-0.011107192
2018-10-17,0.033076763,-0.08990073,-0.08984949
2018-10-18,-0.12385715,-0.030056357,-0.015901882
2018-10-19,0.05521092,-0.1493541,-0.08554784
2018-10-22,0.005253151,-0.11351923,-0.07297884
2018-10-23,-0.10668701,-0.024853569,-0.03633507
2018-10-24,-0.061856076,-0.07457713,-0.04351157
2018-10-25,-0.038129836,-0.09434119,-0.051713217
2018-10-26,-0.043179914,-0.085998856,-0.051573444
2018-10-29,-0.081272766,-0.049128808,-0.039901268
2018-10-30,-0.051009573,-0.058680102,-0.05357017
2018-10-31,-0.15420827,0.052412495,-0.0051681744
2018-11-01,0.42272967,-0.33802655,-0.25797194
2018-11-02,-0.1136813,0.0044029243,-0.04418889
2018-11-05,-0.029478326,-0.039868876,-0.07760669
2018-11-06,0.1103296,-0.14140713,-0.14334935
2018-11-07,-0.002200961,-0.07542857,-0.09970432
2018-11-08,1.1784651,-0.8367415,-0.6226887
2018-11-09,0.031436145,-0.17353117,-0.16525492
2018-11-12,0.23568624,-0.3109321,-0.24959795
2018-11-13,0.27770662,-0.35814542,-0.26969433
2018-11-14,-0.19703172,-0.091010295,-0.07365996
2018-11-15,0.15831867,-0.29590693,-0.22522177
2018-11-16,-0.5231135,0.2838685,0.16741903
2018-11-19,-0.037838742,-0.10004321,-0.1372001
2018-11-20,0.022595078,-0.15152481,-0.15974219
2018-11-21,0.013259485,-0.12874298,-0.16245086
2018-11-22,-0.08064538,-0.081350625,-0.12176092
2018-11-23,-0.15099165,-0.049869955,-0.08625413
2018-11-26,-0.031499103,-0.13244635,-0.13420816
2018-11-27,-0.06022638,-0.12718755,-0.1202707
2018-11-28,0.319575,-0.35133138,-0.28422272
2018-11-29,0.13239679,-0.2358231,-0.21764904
2018-11-30,-0.32227853,0.13842034,0.0125684785
2018-12-03,-0.24979116,0.12853545,-0.031025179
2018-12-04,0.13900799,-0.15038927,-0.22314599
2018-12-05,-0.054564327,-0.019272752,-0.15135187
2018-12-06,-0.07548742,0.015426546,-0.14772095
2018-12-07,0.39439678,-0.2783419,-0.34130788
2018-12-10,-0.2060513,0.08249902,-0.072308786
2018-12-11,0.09300774,-0.11068416,-0.21509941
2018-12-12,0.18701887,-0.15371212,-0.26269716
2018-12-13,-0.18515551,0.06957626,-0.092219725
2018-12-14,0.5059199,-0.40218925,-0.37740153
2018-12-17,-0.30535555,0.101190455,0.006215171
2018-12-18,0.0021423697,-0.12192094,-0.15989654
2018-12-19,0.016708016,-0.14234132,-0.16378498
2018-12-20,-0.07832582,-0.09695262,-0.121737316
2018-12-21,0.043423712,-0.17286745,-0.17163059
2018-12-24,-0.284796,0.021092542,0.009074037
2018-12-25,-0.43628383,0.114228345,0.15135227
2018-12-26,-0.016830742,-0.21135041,-0.079611525
2018-12-27,-0.08088739,-0.1547848,-0.0694104
2018-12-28,0.53354365,-0.5508049,-0.32767403
2019-01-02,0.63455254,-0.59309477,-0.39304823
2019-01-03,-0.5217104,0.16453412,0.19351189
2019-01-04,-0.004633665,-0.21410128,-0.1068231
2019-01-07,-0.24230608,-0.038185824,-0.023773681
2019-01-08,-0.043584317,-0.17565358,-0.11620729
2019-01-09,-0.3448183,0.09887365,0.052901823
2019-01-10,0.0012259036,-0.1575976,-0.13804908
2019-01-11,0.113535404,-0.23601738,-0.18851574
2019-01-14,-0.068189315,-0.1461631,-0.10569167
2019-01-15,-0.30289224,0.07687645,0.02668053
2019-01-16,0.11254844,-0.21346182,-0.18566723
2019-01-17,-0.19501077,0.0005209893,-0.051485483
2019-01-18,-0.05140026,-0.0907572,-0.120634675
2019-01-21,-0.5381506,0.4400709,0.2408176
2019-01-22,-0.097873755,0.03397242,-0.05670372
2019-01-23,0.14244962,-0.106310114,-0.1626331
2019-01-24,0.31956613,-0.18150666,-0.2553972
2019-01-25,0.0008697659,0.00530798,-0.13068283
2019-01-28,-0.019079685,0.011177562,-0.120674565
2019-01-29,0.064819306,-0.023908816,-0.16437118
2019-01-30,-0.044797175,0.08084677,-0.12884212
2019-01-31,0.996792,-0.56820804,-0.56851315
2019-02-01,-0.029959917,0.054603256,-0.16574256
2019-02-11,0.080845475,-0.00050281733,-0.21513608
2019-02-12,0.0547287,0.010737352,-0.20809032
2019-02-13,0.15212718,-0.051590733,-0.25007534
2019-02-14,0.025309786,0.03049174,-0.20350538
2019-02-15,0.051176414,0.010692321,-0.21509856
2019-02-18,0.17984158,-0.068416916,-0.27089554
2019-02-19,0.094978034,-0.03190597,-0.24340437
2019-02-20,0.037512332,0.01064492,-0.22443591
2019-02-21,0.045062512,0.007822163,-0.22979356
2019-02-22,-0.05814386,0.099202804,-0.19527292
2019-02-25,1.3174574,-0.55406106,-0.8776048
2019-02-26,0.13763422,0.11602647,-0.39283216
2019-02-27,0.053377956,0.1687946,-0.35989594
2019-02-28,-0.22507328,0.11861811,-0.11912832
2019-03-01,-0.14068337,0.12816542,-0.19283345
2019-03-04,-0.06362884,0.23578328,-0.28037864
2019-03-05,0.13368535,0.08550831,-0.3683604
2019-03-06,0.6402457,-0.2158643,-0.58811516
2019-03-07,0.09577459,0.17451417,-0.39366978
2019-03-08,-0.17418152,0.20346862,-0.18505351
2019-03-11,0.06584722,-0.062356077,-0.27655977
2019-03-12,-0.33205563,0.6825789,-0.11929108
2019-03-13,0.072364375,0.16676849,-0.3410886
2019-03-14,0.06440124,0.15772131,-0.33356717
2019-03-15,0.06123893,0.14278647,-0.32757372
2019-03-18,0.0024615973,0.19734004,-0.309257
2019-03-19,0.09325132,0.10415881,-0.33591145
2019-03-20,-0.015027329,0.17688388,-0.29640502
2019-03-21,0.0070607066,0.12753898,-0.28950763
2019-03-22,0.3058831,-0.025696672,-0.42673385
2019-03-25,-0.3876891,0.31041273,0.030580942
2019-03-26,0.17696783,-0.10743772,-0.28233474
2019-03-27,-0.09268333,0.076131985,-0.1840726
2019-03-28,0.5466017,-0.32507733,-0.45402205
2019-03-29,0.1118007,-0.062523775,-0.28690344
2019-04-01,0.17300802,-0.102623634,-0.31437713
2019-04-02,-0.013487995,0.0131944865,-0.24353866
2019-04-03,-0.01672241,0.020503946,-0.24433772
2019-04-04,-0.035666272,0.03882333,-0.2531482
2019-04-05,0.25937065,-0.13931853,-0.37513787
2019-04-08,-0.002185136,0.10016865,-0.31030703
2019-04-09,1.2483597,-0.67424864,-0.8247267
2019-04-10,-0.19964884,0.13679722,-0.19390921
2019-04-11,-0.019318312,0.01064375,-0.28583798
2019-04-12,-0.036855295,0.008443236,-0.27254167
2019-04-16,-0.21648504,0.10947696,-0.16273063
2019-04-17,-0.031224474,-0.021749534,-0.26256216
2019-04-18,0.18117777,-0.15104583,-0.3498762
2019-04-19,-0.033170506,-0.018329985,-0.26826996
2019-04-22,-0.06757635,-0.01024086,-0.24924777
2019-04-23,1.1717131,-0.80091584,-0.7802003
2019-04-24,-0.2494381,0.10156394,-0.20546941
2019-04-25,0.3552391,-0.28963557,-0.47016376
2019-04-26,-0.31763428,0.18379322,-0.16449554
2019-05-02,-0.10074207,0.02285494,-0.30259353
2019-05-03,-0.17253554,0.08386215,-0.27248636
2019-05-06,-0.58750933,0.41641173,0.05847505
2019-05-07,-0.02847074,-0.041836604,-0.29486054
2019-05-08,0.0025974214,-0.072066166,-0.3040476
2019-05-09,-0.19794865,0.03602635,-0.20921664
2019-05-10,0.17877117,-0.20687485,-0.3642953
2019-05-13,-0.29862738,0.15008554,-0.13079067
2019-05-14,0.10435936,-0.13022065,-0.33728272
2019-05-15,-0.12140834,0.01898773,-0.25117046
2019-05-16,-0.08109985,-0.015736997,-0.2624554
2019-05-17,0.36804962,-0.29955992,-0.44245666
2019-05-20,-0.06299868,-0.042622313,-0.27251318
2019-05-21,-0.12639712,0.007693164,-0.24997614
2019-05-22,-0.19999994,0.08343259,-0.20818974
2019-05-23,0.0347099,-0.06230638,-0.32115895
2019-05-24,-0.20998263,0.07939374,-0.1974089
2019-05-27,0.08118349,-0.116582714,-0.32977748
2019-05-28,-0.06579204,-0.021493249,-0.27376086
2019-05-29,0.1849652,-0.18949464,-0.37701768
2019-05-30,0.0035036206,-0.0856723,-0.30682024
2019-05-31,-0.09432313,-0.04744713,-0.26157
2019-06-03,0.18187413,-0.25205064,-0.35735947
2019-06-04,-0.08542916,-0.089286104,-0.2528565
2019-06-05,-0.061236903,-0.11226419,-0.25987774
2019-06-06,0.1498993,-0.24659216,-0.34641123
2019-06-07,-0.33486155,0.118598916,-0.1078586
2019-06-10,0.34130922,-0.33533242,-0.43791506
2019-06-11,-0.09584895,-0.06363092,-0.26854318
2019-06-12,0.046735793,-0.15707296,-0.3240388
2019-06-13,-0.03186269,-0.10969649,-0.29391348
2019-06-14,-0.10764894,-0.05811861,-0.26653415
2019-06-17,-0.06413604,-0.08468669,-0.28365707
2019-06-18,0.039537683,-0.15486114,-0.32535863
2019-06-19,0.27624658,-0.29986367,-0.42327425
2019-06-20,-0.65346944,0.45723832,0.10644907
2019-06-21,0.16725367,-0.17415994,-0.3795573
2019-06-24,-0.037826926,-0.04956197,-0.29972968
2019-06-25,-0.13088171,-0.005702853,-0.2585566
2019-06-26,-0.18389736,0.010162167,-0.2280717
2019-06-27,-0.17223322,-0.011831336,-0.22500543
2019-06-28,-0.09938939,-0.03343089,-0.2578175
2019-07-01,0.60070944,-0.45123655,-0.54580677
2019-07-02,-0.057207465,-0.050954163,-0.28908885
2019-07-03,-0.0977577,-0.03663724,-0.2692889
2019-07-04,-0.071824595,-0.04135582,-0.28235045
2019-07-05,0.22349375,-0.2059735,-0.40829268
2019-07-08,-0.1946961,0.051795863,-0.23436035
2019-07-09,-0.0657894,-0.023243614,-0.29523185
2019-07-10,-0.0802204,-0.02224318,-0.28634146
2019-07-11,-0.20635639,0.090296425,-0.22589073
2019-07-12,-0.05615519,-0.015496522,-0.29981148
2019-07-15,-0.043232784,-0.017875873,-0.30653226
2019-07-16,-0.18247414,0.10233455,-0.24892534
2019-07-17,-0.17327408,0.114012994,-0.25361478
2019-07-18,1.0299077,-0.64843696,-0.740495
2019-07-19,-0.034564182,0.013050638,-0.3332286
2019-07-22,-0.03492433,0.012835421,-0.33388817
2019-07-23,-0.23598441,0.16351175,-0.21980795
2019-07-24,0.27239963,-0.17934534,-0.44723743
2019-07-25,0.083451346,-0.073368914,-0.37337738
2019-07-26,0.11493981,-0.097374745,-0.38640377
2019-07-29,0.06818266,-0.06585971,-0.38074046
2019-07-30,-0.59908485,0.42737922,0.05962934
2019-07-31,-0.17035662,0.086426444,-0.24431662
2019-08-01,-0.1753974,0.074618556,-0.23300828
2019-08-02,-0.021771431,-0.025907807,-0.29904622
2019-08-05,-0.002029702,-0.049582593,-0.30548644
2019-08-06,-0.3006894,0.1441136,-0.12002437
2019-08-07,-0.03603348,-0.058505245,-0.26859793
2019-08-08,-0.04139577,-0.033709586,-0.2723838
2019-08-09,-0.09321843,-0.011999048,-0.24750237
2019-08-12,-0.2554303,0.15858558,-0.14774458
2019-08-13,0.01984264,-0.018131562,-0.29839867
2019-08-14,0.14995477,-0.095038034,-0.3553358
2019-08-15,-0.0046821237,-0.0010696277,-0.29606637
2019-08-16,-0.042024925,0.030373737,-0.2876373
2019-08-19,-0.17745495,0.09930786,-0.20600952
2019-08-20,0.39558184,-0.2585141,-0.45193806
2019-08-21,-0.18945049,0.14327085,-0.20986001
2019-08-22,0.03888455,-0.012066968,-0.3184483
2019-08-23,-0.034489483,0.036080286,-0.29200828
2019-08-26,-0.2857234,0.24210656,-0.13144897
2019-08-27,0.6818565,-0.41152835,-0.5683547
2019-08-28,0.16696262,-0.09337107,-0.3768766
2019-08-29,0.13931781,-0.07769849,-0.36993003
2019-08-30,-0.168805,0.11219206,-0.2352448
2019-09-03,-0.1615465,0.086370446,-0.22815712
2019-09-04,0.52902853,-0.3327661,-0.5169356
2019-09-05,-0.2709878,0.1663751,-0.14547877
2019-09-06,0.0864176,-0.086522214,-0.32659608
2019-09-09,0.05034612,-0.06577874,-0.3140358
2019-09-10,0.42195493,-0.30058968,-0.46591178
2019-09-11,0.14058593,-0.123943426,-0.36153853
2019-09-12,-0.25029033,0.17904964,-0.17574152
2019-09-13,-0.06184411,0.044882767,-0.2947716
2019-09-16,-0.023564711,0.022580408,-0.30931702
2019-09-17,0.28208905,-0.17403373,-0.42921466
2019-09-18,-0.14341472,0.0963966,-0.26711994
2019-09-19,0.18183234,-0.109969445,-0.39675856
2019-09-20,-0.0281834,0.020070583,-0.3167087
2019-09-23,-0.030197859,0.02073013,-0.31698155
2019-09-24,0.99429494,-0.6253426,-0.7257027
2019-09-25,-0.021327391,0.031313047,-0.35046723
2019-09-26,-0.30303264,0.25219795,-0.17525585
2019-09-27,-0.029840842,0.016758442,-0.32336098
2019-09-30,0.2890055,-0.18445608,-0.45028865
2019-10-01,0.42425948,-0.25203127,-0.520462
2019-10-02,-0.04474309,0.06404118,-0.35014093
2019-10-03,1.0647948,-0.6554651,-0.7823582
2019-10-04,-0.36872113,0.24236092,-0.13107173
2019-10-07,-0.3172712,0.18461382,-0.15438522
2019-10-08,-0.1654613,0.0797981,-0.2673404
2019-10-09,-0.07387504,0.03569474,-0.31204954
2019-10-10,0.20028442,-0.1472623,-0.41458428
2019-10-11,0.00093373656,-0.024943672,-0.34067988
2019-10-14,-0.5045723,0.5216001,-0.032497663
2019-10-15,-0.01590988,0.015524842,-0.31370172
2019-10-16,0.026317194,-0.015522651,-0.33292106
2019-10-17,-0.041484475,0.02127704,-0.30524486
2019-10-18,-0.17204961,0.09250205,-0.23668794
2019-10-21,-0.23571545,0.12904632,-0.17479451
2019-10-22,-0.06092988,0.012942523,-0.27399498
2019-10-23,-0.031030893,-0.0026659667,-0.29373336
2019-10-24,0.379317,-0.25606194,-0.46341386
2019-10-25,-0.15388505,0.09342221,-0.26095027
2019-10-28,-0.12705919,0.061352037,-0.26642022
2019-10-29,0.028367937,-0.04730334,-0.32077038
2019-10-30,-0.12895949,0.06439168,-0.27072543
2019-10-31,-0.024204254,-0.0029042289,-0.3087332
2019-11-01,0.13610137,-0.108497106,-0.37160838
2019-11-04,-0.03211811,0.018805318,-0.31706566
2019-11-05,0.14457983,-0.09633397,-0.38900852
2019-11-06,-0.13700289,0.08436551,-0.28042206
2019-11-07,0.048731938,-0.032425098,-0.35369074
2019-11-08,-0.07254222,0.04163649,-0.30587515
2019-11-11,1.1883199,-0.7541738,-0.81152207
2019-11-12,-0.117249995,0.044994712,-0.3108706
2019-11-13,-0.027654469,-0.0116151795,-0.3441571
2019-11-14,-0.25426602,0.12915888,-0.21371369
2019-11-15,-0.05366704,-0.029616065,-0.31165108
2019-11-18,0.32600772,-0.273769,-0.46115595
2019-11-19,-0.0069608986,-0.064201385,-0.34098428
2019-11-20,-0.100965425,-0.015881188,-0.30018866
2019-11-21,-0.1954713,0.031974636,-0.25341773
2019-11-22,0.35263395,-0.3107743,-0.474245
2019-11-25,0.0457581,-0.12310934,-0.3577667
2019-11-26,-0.25641903,0.10293914,-0.2205603
2019-11-27,0.15191421,-0.17294312,-0.40370983
2019-11-28,-0.4589082,0.2504974,-0.054042432
2019-11-29,-0.08368461,-0.05120179,-0.28934795
2019-12-02,-0.5324647,0.2760936,0.04423311
2019-12-03,-0.22030774,0.016578238,-0.18598078
2019-12-04,-0.39396852,0.2353887,-0.04098493
2019-12-05,-0.18442078,0.023914479,-0.1899049
2019-12-06,-0.06418176,-0.051929906,-0.23972689
2019-12-09,-0.17483039,-0.008063041,-0.18345858
2019-12-10,-0.20152877,-0.013201486,-0.15815787
2019-12-11,-0.45659602,0.28714243,0.0577253
2019-12-12,0.015008733,-0.07956314,-0.23449439
2019-12-13,-0.019975603,-0.058712363,-0.2213964
2019-12-16,-0.18752296,0.023373812,-0.13514124
2019-12-17,-0.10017817,-0.056887157,-0.1642795
2019-12-18,-0.05810854,-0.0848584,-0.17993651
2019-12-19,-0.115312025,-0.070954934,-0.15120354
2019-12-20,-0.20364738,0.014453933,-0.1079151
2019-12-23,-0.056256518,-0.07940449,-0.1763875
2019-12-24,0.0023833513,-0.1376122,-0.19371232
2019-12-25,-0.19212708,0.006462358,-0.11198579
2019-12-26,0.090498805,-0.18366906,-0.22879498
2019-12-27,-0.06868912,-0.08210103,-0.16859674
2019-12-30,0.5296168,-0.45539755,-0.41797775
2019-12-31,-0.029234841,-0.12596363,-0.19894913
2020-01-02,0.28800768,-0.29848093,-0.33715445
2020-01-03,0.060034946,-0.15710841,-0.25239217
2020-01-06,-0.18854225,-0.024463248,-0.14436841
2020-01-07,0.101135254,-0.20155042,-0.27028555
2020-01-08,-0.006650567,-0.1579721,-0.22142445
2020-01-09,0.7531956,-0.6083176,-0.53905237
2020-01-10,-0.2639948,0.06253583,-0.11713676
2020-01-13,-0.07750149,-0.08110588,-0.21256132
2020-01-14,0.17925632,-0.22683689,-0.3224261
2020-01-15,0.23760751,-0.26903552,-0.3501583
2020-01-16,-0.3344092,0.17403185,-0.065149084
2020-01-17,0.24750933,-0.23197708,-0.3571767
2020-01-20,0.1003519,-0.14488792,-0.30344975
2020-01-21,-0.2840395,0.17227933,-0.10476378
2020-01-22,0.16681147,-0.15422735,-0.32929265
2020-01-30,-0.65120673,0.4290734,0.2382151
2020-01-31,-0.20731553,0.014270205,-0.06311315
2020-02-03,-0.21911946,-0.007234797,-0.038163044
2020-02-04,-0.3256166,0.16932243,0.05236701
2020-02-05,-0.016066253,-0.06698558,-0.12884066
2020-02-06,-0.15992787,0.08724437,-0.062502205
2020-02-07,-0.14111131,0.042587675,-0.06269589
2020-02-10,-0.06306675,-0.032694966,-0.08564067
2020-02-11,-0.037609644,-0.023899555,-0.104312494
2020-02-12,-0.045347497,0.017202325,-0.111992374
2020-02-13,0.0129214525,-0.014004894,-0.13910086
2020-02-14,0.010109514,0.026923947,-0.15215963
2020-02-17,0.0029934794,0.04625918,-0.15373437
2020-02-18,-0.002742216,0.03542433,-0.14603715
2020-02-19,-0.006216377,0.03271343,-0.14265303
2020-02-20,0.20833081,-0.1005914,-0.23383321
2020-02-21,-0.11923307,0.07075804,-0.0788198
2020-02-24,-0.35300162,0.21089005,0.1431756
2020-02-25,-0.13330775,0.08169264,-0.0050034905
2020-02-26,-0.030586377,-0.0057932884,-0.050547857
2020-02-27,0.4769932,-0.28734055,-0.28335518
2020-02-28,-0.05737503,-0.004702054,-0.05317964
2020-03-02,0.059144855,-0.051345058,-0.10669294
2020-03-03,0.38654947,-0.2441015,-0.26453578
2020-03-04,-0.026753068,-0.0074680224,-0.09257062
2020-03-05,0.32434544,-0.23528501,-0.24770765
2020-03-06,0.082200855,-0.090637624,-0.15713103
2020-03-09,-0.55705535,0.33821848,0.3221659
2020-03-10,-0.0013744831,-0.12134942,-0.022475962
2020-03-11,-0.24600318,-0.020793017,0.14057122
2020-03-12,-0.4227323,0.061169535,0.33154064
2020-03-13,-0.015119821,-0.23882338,0.09345909
2020-03-16,-0.12087948,-0.22351012,0.15528165
2020-03-17,-0.22454682,-0.13360584,0.19992135
2020-03-18,-0.0835746,-0.23618725,0.1465844
2020-03-19,-0.08260347,-0.26792353,0.15729459
2020-03-20,-0.10877206,-0.26024175,0.16970275
2020-03-23,-0.3013745,-0.1651299,0.30408037
2020-03-24,0.28714666,-0.54041004,0.041146312
2020-03-25,-0.4663223,0.02719418,0.45822984
2020-03-26,-0.015819237,-0.33688813,0.20203985
2020-03-27,-0.12932995,-0.26835847,0.24823287
2020-03-30,-0.2555436,-0.1750564,0.3282846
2020-03-31,-0.021079808,-0.32479903,0.22427152
2020-04-01,-0.36863017,-0.04994584,0.4590434
2020-04-03,-0.25804356,-0.13582394,0.39421642
2020-04-06,-0.33980712,-0.021352626,0.47381163
2020-04-07,0.16662413,-0.34660232,0.2300834
2020-04-08,-0.07378879,-0.23416144,0.3080954
2020-04-09,0.077558026,-0.3116533,0.25846413
2020-04-10,0.31785217,-0.48067018,0.15915635
2020-04-13,-0.08712919,-0.22852847,0.2973847
2020-04-14,0.05190301,-0.30448237,0.23445967
2020-04-15,-0.11165872,-0.17149791,0.29009825
2020-04-16,-0.050269082,-0.19581708,0.26151666
2020-04-17,-0.03959386,-0.16204563,0.25332025
2020-04-20,-0.0933287,-0.15821716,0.278153
2020-04-21,0.06245078,-0.3284842,0.24303094
2020-04-22,-0.11132818,-0.17846414,0.300315
2020-04-23,0.2801268,-0.38046739,0.14534439
2020-04-24,0.13325852,-0.31973955,0.16642809
2020-04-27,-7.7575445e-05,-0.27241433,0.22337486
2020-04-28,0.8179963,-0.76897776,-0.12212542
2020-04-29,-0.059614733,-0.24407423,0.18985163
2020-05-04,0.23332155,-0.4335454,0.06771142
2020-05-05,0.09985095,-0.36580533,0.10910253
2020-05-06,0.9361512,-0.8699796,-0.25081834
2020-05-07,-0.17047721,-0.18721128,0.1629825
2020-05-08,-0.048745885,-0.23546052,0.10860176
2020-05-11,-0.08511877,-0.2007314,0.11726166
2020-05-12,-0.070232466,-0.17674825,0.10278277
2020-05-13,-0.080799036,-0.1458528,0.099788636
2020-05-14,-0.13021056,-0.118344784,0.1221233
2020-05-15,-0.036923654,-0.19432044,0.093607634
2020-05-18,-0.039078444,-0.1852288,0.091263756
2020-05-19,0.08710563,-0.20609754,0.021284867
2020-05-20,0.10321021,-0.20869988,0.006359034
2020-05-21,1.1904364,-0.87552524,-0.472712
2020-05-22,-0.08445552,-0.13519894,0.017246678
2020-05-25,-0.054467693,-0.15021342,0.004674088
2020-05-26,-0.09587221,-0.09992126,0.01275852
2020-05-27,0.15078843,-0.27402186,-0.07757056
2020-05-28,-0.06815714,-0.14471576,0.0048409533
2020-05-29,-0.093147844,-0.1263237,0.013743076
2020-06-01,-0.3216106,0.13489863,0.1600689
2020-06-02,0.024923727,-0.12345197,-0.0361652
2020-06-03,0.16870213,0.28510055,-0.26423728
2020-06-04,0.22881204,0.18377203,-0.27369452
2020-06-05,0.3092655,0.4716289,-0.4262942
2020-06-08,0.2850394,0.534769,-0.44239303
2020-06-09,0.5151712,0.36214563,-0.54527336
2020-06-10,0.13516524,0.56373453,-0.38442266
2020-06-11,-0.56866837,0.5126875,0.33998305
2020-06-12,0.16786242,-0.05396875,-0.1215999
2020-06-15,-0.23240304,0.1789616,0.12162073
2020-06-16,-0.024768531,0.049627334,-0.020277765
2020-06-17,0.023417965,0.011722684,-0.0353059
2020-06-18,0.11398709,-0.048914976,-0.0874506
2020-06-19,0.09658322,-0.02133391,-0.0899152
2020-06-22,0.021499902,0.020117149,-0.069824085
2020-06-23,0.11437109,-0.03841979,-0.11304228
2020-06-24,0.11973995,-0.041848473,-0.12336919
2020-06-25,-0.042718016,0.030454464,-0.07046895
2020-06-26,0.01807931,-0.0057607293,-0.09399453
2020-06-29,0.24325207,-0.19042304,-0.1808182
2020-06-30,-0.05642818,-0.034427963,-0.057178658
2020-07-01,-0.095329344,0.010435298,-0.062170345
2020-07-02,-0.018863514,-0.038058333,-0.090515554
2020-07-03,-0.01974225,-0.037962936,-0.09141512
2020-07-06,0.014970154,-0.04667516,-0.110646784
2020-07-07,-0.036138535,-0.0066936016,-0.093790345
2020-07-08,0.32615513,-0.22717366,-0.2524435
2020-07-09,1.2109306,-0.7730516,-0.6448129
2020-07-10,-0.034260556,-0.031039767,-0.1561568
2020-07-13,1.1219757,-0.75882655,-0.6286806
2020-07-14,0.6278538,-0.471279,-0.4496376
2020-07-15,-0.08799586,-0.023699604,-0.17511044
2020-07-16,-0.18530695,0.05803339,-0.15020247
2020-07-17,0.12948698,-0.14570099,-0.2888979
2020-07-20,-0.26542377,0.10258452,-0.08439377
2020-07-21,-0.09188205,-0.022919305,-0.18797353
2020-07-22,-0.09403765,-0.03389609,-0.1853003
2020-07-23,0.053316295,-0.13388452,-0.24146946
2020-07-24,-0.4860332,0.24295759,0.106269106
2020-07-27,-0.690693,0.36229733,0.3652019
2020-07-28,-0.51617986,0.34471697,0.28930882
2020-07-29,-0.21144596,0.016180575,0.10669406
2020-07-30,-0.0903056,-0.052614853,0.0312825
2020-07-31,-0.035916343,-0.0945875,0.0127538135
2020-08-03,-0.15345114,0.029025711,0.06574687
2020-08-04,-0.041794106,-0.025989093,0.0040193023
2020-08-05,-0.020881534,-0.02574081,-0.008499357
2020-08-06,0.033320904,-0.077832736,-0.024570327
2020-08-07,-0.0068311095,-0.057927586,-0.009965572
2020-08-10,-0.034785494,-0.028191328,-0.0025434205
2020-08-11,-0.017066747,-0.032668866,-0.01246162
2020-08-12,-0.075188205,0.035652794,0.0036790324
2020-08-13,0.029612303,-0.017817758,-0.041230448
2020-08-14,-0.021001875,0.03157101,-0.027784977
2020-08-17,0.065547034,-0.027288668,-0.060767684
2020-08-18,0.00927873,-0.0038905293,-0.037396092
2020-08-19,0.014944792,-0.0014702305,-0.042956095
2020-08-20,0.01518853,-0.0017910898,-0.04334404
2020-08-21,0.21602032,-0.10344661,-0.13493218
2020-08-24,1.2426438,-0.72116464,-0.61316586
2020-08-25,1.2362936,-0.72454894,-0.6525392
2020-08-26,1.269206,-0.67548865,-0.74298066
2020-08-27,0.0883397,0.16274986,-0.31484473
2020-08-28,0.21887302,0.089039855,-0.37200183
2020-08-31,0.7137405,-0.15552786,-0.60470986
2020-09-01,0.20617598,0.247771,-0.4397462
2020-09-03,0.21465617,0.4316071,-0.508824
2020-09-04,0.3669445,0.19944009,-0.5448982
2020-09-07,-0.1964337,0.48042303,-0.18797942
2020-09-08,0.10337514,0.17795399,-0.37241113
2020-09-09,-0.0011678189,0.19667765,-0.31353122
2020-09-10,0.4651701,-0.04893186,-0.5230744
2020-09-11,0.10886884,0.2047649,-0.3949096
2020-09-14,0.022220269,0.3545469,-0.390924
2020-09-15,0.12656918,0.28350583,-0.42710978
2020-09-16,0.21951348,0.23070717,-0.46696937
2020-09-17,0.11468798,0.2995519,-0.42700008
2020-09-18,-0.25445008,0.6989132,-0.18372671
2020-09-21,0.07144356,0.28687033,-0.36622253
2020-09-22,0.73011225,-0.1076067,-0.6470168
2020-09-23,0.2262846,0.23134911,-0.46212927
2020-09-24,0.022445679,0.33166683,-0.37622136
2020-09-25,0.12430149,0.2887882,-0.41653702
2020-09-28,0.00440453,0.33989656,-0.3552379
2020-09-29,-0.14827046,0.3449096,-0.19015503
2020-09-30,0.08647159,0.1681155,-0.3365719
2020-10-01,0.09178658,0.2041823,-0.35149634
2020-10-02,0.20278302,0.13814813,-0.39947253
2020-10-05,0.3390085,0.1357821,-0.48285824
2020-10-06,0.121373296,0.28053695,-0.40097514
2020-10-07,-0.09816781,0.3123257,-0.22997013
2020-10-08,0.081154376,0.1862255,-0.3367566
2020-10-09,-0.022828206,0.20155504,-0.27701598
2020-10-12,0.15250593,0.09821316,-0.3497632
2020-10-13,0.06477456,0.12142619,-0.30402267
2020-10-14,0.09851077,0.16555333,-0.34258485
2020-10-15,0.027503937,0.18013579,-0.30451784
2020-10-16,0.9308061,-0.2158184,-0.7299927
2020-10-19,0.008640572,0.33360803,-0.36481068
2020-10-20,-0.14228353,0.28325233,-0.2439525
2020-10-21,-0.13947374,0.108308904,-0.22314759
2020-10-22,0.14247859,-0.071957685,-0.35617393
2020-10-23,-0.0064609796,0.021303184,-0.2996024
2020-10-26,-0.27289683,0.1994369,-0.12408237
2020-10-27,-0.25592798,0.14498922,-0.110528216
2020-10-28,-0.21668747,0.08601148,-0.12608981
2020-10-29,-0.11416423,0.028338104,-0.19126153
2020-10-30,-0.03182748,-0.022330679,-0.22512043
2020-11-02,0.28688446,-0.20383477,-0.36235848
2020-11-03,-0.08412033,0.04371822,-0.22247109
2020-11-04,0.117030144,-0.062864445,-0.30945158
2020-11-05,-0.090859935,0.051720567,-0.22340705
2020-11-06,-0.17220737,0.08810886,-0.16406746
2020-11-09,-0.10100649,0.058456324,-0.20894451
2020-11-10,-0.06692006,0.025875114,-0.21643463
2020-11-11,-0.015212953,0.007064201,-0.24136724
2020-11-12,-0.16683939,0.15969521,-0.16689242
2020-11-13,-0.18743868,0.19195372,-0.1373667
2020-11-16,0.052085385,0.010843672,-0.2560283
2020-11-17,-0.044618316,0.07898037,-0.2208872
2020-11-18,0.055316657,0.015120812,-0.2606045
2020-11-19,0.024206683,0.030331336,-0.24867879
2020-11-20,-0.07696243,0.0806042,-0.20193604
2020-11-23,0.31712928,-0.1728875,-0.36105806
2020-11-24,0.5700311,-0.32497698,-0.47699696
2020-11-25,0.3812135,-0.20925581,-0.41401127
2020-11-26,0.050017998,-0.0037420616,-0.28753215
2020-11-27,-0.1846027,0.17183807,-0.16608097
2020-11-30,-0.05764687,0.0740822,-0.24121268
2020-12-01,-0.14606133,0.14103273,-0.18728378
2020-12-02,-0.13542904,0.13563764,-0.1880782
2020-12-03,-0.15045811,0.13119662,-0.16056004
2020-12-04,0.2696041,-0.14332885,-0.34579384
2020-12-07,-0.031591445,0.03787569,-0.22760677
2020-12-08,0.039448977,0.020817205,-0.26356503
2020-12-09,-0.027882457,0.063436106,-0.2376508
2020-12-10,-0.11938879,0.106871404,-0.18531065
2020-12-11,0.2693506,-0.1244128,-0.3563804
2020-12-14,0.16134503,-0.05951237,-0.31855136
2020-12-15,-0.06187938,0.05972193,-0.22210403
2020-12-16,-0.24904305,0.24923861,-0.08894952
2020-12-17,0.018060952,0.03722316,-0.24293958
2020-12-18,-0.23514873,0.25139105,-0.074968964
2020-12-21,0.10068032,-0.0005549565,-0.25766033
2020-12-22,-0.043792546,0.08777558,-0.20267604
2020-12-23,-0.13720539,0.14582261,-0.13688174
2020-12-24,-0.06049552,0.08205993,-0.17951249
2020-12-25,0.14717767,-0.02929493,-0.2696411
2020-12-28,0.02350077,0.0453087,-0.22427477
2020-12-29,0.12619346,-0.027293481,-0.26452273
2020-12-30,0.18800387,-0.07135651,-0.29459912
2020-12-31,0.2416681,-0.10238681,-0.32342064
2021-01-04,-0.26180607,0.2796568,-0.05194128
2021-01-05,-0.26842874,0.30365407,-0.014410946
2021-01-06,0.074196026,0.035771042,-0.2114464
2021-01-07,-0.030515015,0.10246127,-0.16791399
2021-01-08,0.18471497,-0.032954074,-0.25476083
2021-01-11,-0.081452265,0.1307038,-0.14328338
2021-01-12,-0.075872846,0.114550985,-0.1418298
2021-01-13,0.17480814,-0.052104034,-0.24318571
2021-01-14,0.24872124,-0.07922918,-0.28626543
2021-01-15,0.11828691,0.002988942,-0.23893814
2021-01-18,0.22242573,-0.088309,-0.2752965
2021-01-19,-0.6002043,0.47860676,0.32834774
2021-01-20,-0.0023840368,-0.015270233,-0.067576475
2021-01-21,-0.21184401,0.25881687,0.06491892
2021-01-22,0.017761052,0.06470118,-0.07155438
2021-01-25,-0.04391606,0.07876116,-0.035254035
2021-01-26,0.019898027,0.06619214,-0.06705879
2021-01-27,-0.3354232,0.28235865,0.24164726
2021-01-28,-0.31483907,0.17734635,0.31152478
2021-01-29,-0.12684147,0.10022452,0.18834744
2021-02-01,-0.13690138,0.01914427,0.2367072
2021-02-02,-0.049846478,0.06604876,0.20917569
2021-02-03,-0.025951907,0.12157921,0.2044041
2021-02-04,0.1355846,0.012302764,0.15027128
2021-02-05,0.08505614,0.0892934,0.1609046
2021-02-08,-0.0063541234,0.08221238,0.19871552
2021-02-09,0.002860546,0.1425567,0.20090471
2021-02-17,0.029907748,0.20988753,0.19490062
2021-02-18,0.15039212,0.16305536,0.14442925
2021-02-19,0.11954066,0.20304471,0.15696047
2021-02-22,0.18742463,0.16012564,0.13517363
2021-02-23,0.5990291,-0.06593814,0.018569183
2021-02-24,0.12038073,0.19268316,0.15627344
2021-02-25,0.41219717,0.02947604,0.05409014
2021-02-26,0.15805167,0.17467314,0.12817821
2021-03-01,0.14960414,0.17952773,0.13089891
2021-03-02,0.14139074,0.17822427,0.13263161
2021-03-03,0.6929505,-0.15991601,-0.08687264
2021-03-04,0.7638082,-0.28493625,-0.1570474
2021-03-05,0.33955643,-0.051236294,-0.05644461
2021-03-08,1.161998,-0.543442,-0.3740062
2021-03-09,0.6587517,-0.20643342,-0.30898774
2021-03-10,0.37319016,0.17331713,-0.30939794
2021-03-11,0.27938563,0.34379986,-0.31649995
2021-03-12,0.33071595,0.3237567,-0.3426556
2021-03-15,0.8716199,0.102814116,-0.61126345
2021-03-16,0.413585,0.370741,-0.4360943
2021-03-17,0.94220454,0.17507246,-0.7082737
2021-03-18,0.34377605,0.5516343,-0.48113233
2021-03-19,0.52967805,0.4736942,-0.5724137
2021-03-22,0.116056025,0.5384805,-0.34760132
2021-03-23,0.4318325,0.2987334,-0.4587837
2021-03-24,-0.010764122,0.40956894,-0.18432492
2021-03-25,0.19796374,0.21928388,-0.27698347
2021-03-26,0.22081798,0.1980193,-0.28353593
2021-03-29,0.15618601,0.41148943,-0.32902077
2021-03-30,0.25066447,0.39220503,-0.37161446
2021-03-31,0.19251531,0.39026403,-0.33945298
2021-04-01,0.24058014,0.5671623,-0.42932585
2021-04-02,0.26375735,0.5553597,-0.42892417
2021-04-05,0.17094928,0.59384143,-0.39761272
2021-04-06,0.15225083,0.5550243,-0.36968794
2021-04-07,0.3620966,0.46228504,-0.4477105
2021-04-08,0.07374413,0.4771667,-0.2700619
2021-04-09,0.21589383,0.40266582,-0.33597255
2021-04-12,0.3561167,0.39948475,-0.42097786
2021-04-13,0.098751605,0.40330833,-0.27786332
2021-04-14,0.23053223,0.37737682,-0.335833
2021-04-15,0.0075117648,0.36226213,-0.16935532
2021-04-16,0.022983506,0.22859603,-0.14679544
2021-04-19,0.29068765,0.12858188,-0.28047276
2021-04-20,0.17716098,0.11494238,-0.22528927
2021-04-22,-0.26742858,0.20073351,0.11302547
2021-04-23,-0.17434084,0.1912114,0.045850698
2021-04-26,-0.12916878,0.11468933,0.032865748
2021-04-27,0.20510468,-0.101988904,-0.123781905
2021-04-28,-0.068701535,0.09832718,-0.02385955
2021-04-29,0.05366926,0.02465161,-0.0900875
2021-05-04,0.1754139,-0.012002058,-0.1703934
2021-05-05,0.067498714,0.12255778,-0.1667829
2021-05-06,0.20555884,-0.024618559,-0.2166779
2021-05-07,0.39662713,-0.15373924,-0.31460857
2021-05-10,-0.2854884,0.3466184,0.050416466
2021-05-11,0.0751411,0.04463701,-0.16011511
2021-05-12,-0.008614361,0.11491624,-0.13051353
2021-05-13,0.023281366,0.08821831,-0.14860736
2021-05-14,0.14950237,0.0062893108,-0.20514457
2021-05-17,0.023011327,0.07917525,-0.16248049
2021-05-18,0.20041636,-0.029387705,-0.23689209
2021-05-19,-0.093530655,0.16635802,-0.10208542
2021-05-20,0.02377367,0.08486564,-0.16012433
2021-05-21,0.04230392,0.07193415,-0.1697427
2021-05-24,0.9857457,-0.5305982,-0.5664144
2021-05-25,0.19435316,-0.034113027,-0.26733577
2021-05-26,-0.04944223,0.17430419,-0.1882682
2021-05-27,-0.25024262,0.25204977,0.007937294
2021-05-28,-0.07549134,0.1508688,-0.11672595
2021-05-31,0.048189938,0.0697604,-0.17082743
2021-06-01,0.14359528,0.005335845,-0.21689557
2021-06-02,0.03603366,0.071937084,-0.17560057
2021-06-03,-0.3367635,0.40188393,0.10658564
2021-06-04,0.087953374,0.063971624,-0.1516006
2021-06-07,-0.18888637,0.21430135,0.041854523
2021-06-08,-0.38837162,0.3165583,0.26409763
2021-06-09,-0.06410231,0.08926966,0.032870457
2021-06-10,-0.040554628,0.048423342,0.03291745
2021-06-11,-0.060915872,0.13351822,0.04158995
2021-06-14,0.04698366,0.059237756,-0.010232459
2021-06-15,0.03599152,0.06604399,-0.0055237366
2021-06-16,0.0818505,0.013545364,-0.015580553
2021-06-17,-0.022638157,0.12726963,0.012508501
2021-06-18,0.05530259,0.107653774,-0.027290106
2021-06-21,0.06357971,0.105351545,-0.03482952
2021-06-22,0.05336547,0.13612983,-0.036120076
2021-06-23,0.30719686,-0.013757177,-0.12804659
2021-06-24,0.25290337,0.0070028827,-0.13344067
2021-06-25,0.18226027,0.047333837,-0.11271338
2021-06-28,0.016538754,0.14830458,-0.047788937
2021-06-29,0.06625393,0.11669009,-0.068813026
2021-06-30,0.05329001,0.123254456,-0.06272033
2021-07-01,0.8425339,-0.36628214,-0.3766527
2021-07-02,0.06802899,0.099961944,-0.10608814
2021-07-05,0.58190835,-0.2359131,-0.31964475
2021-07-06,-0.16938476,0.14097172,0.0660064
2021-07-07,-0.11464025,0.19241488,0.031090926
2021-07-08,0.15522075,0.006664984,-0.10493937
2021-07-09,0.30892226,-0.102110796,-0.1712787
2021-07-12,-0.19457453,0.18358812,0.10832888
2021-07-13,0.023932025,0.014917769,-0.021682482
2021-07-14,-0.12781827,0.07070353,0.08029301
2021-07-15,0.16100153,-0.08973034,-0.059926655
2021-07-16,0.07143691,-0.04868394,-0.024576604
2021-07-19,-0.39384964,0.23710296,0.3278156
2021-07-20,0.071520045,-0.09081168,0.03735437
2021-07-21,-0.010718614,-0.036676787,0.0651599
2021-07-22,-0.033617333,-0.0031745285,0.06958354
2021-07-23,-0.033348337,-0.033670463,0.08274663
2021-07-26,0.11099973,-0.15115255,0.033816833
2021-07-27,-0.0041994154,-0.07332041,0.07179052
2021-07-28,-0.04019334,-0.040668115,0.0831169
2021-07-29,-0.12323951,0.068408094,0.12894802
2021-07-30,-0.058512367,0.04772935,0.08166004
2021-08-02,0.021221846,-0.0071996227,0.047922004
2021-08-03,0.8076563,-0.454316,-0.27459416
2021-08-04,0.541339,-0.3012939,-0.22551544
2021-08-05,-0.0071698427,0.03950967,-0.018763505
2021-08-06,0.0010505915,0.016599141,-0.014112703
2021-08-09,0.37743717,-0.19994372,-0.17513333
2021-08-10,-0.005603075,0.012988985,-0.024125524
2021-08-11,0.33174342,-0.19075504,-0.167519
2021-08-12,0.061741948,-0.042696483,-0.06314899
2021-08-13,0.025932923,-0.017180733,-0.051743288
2021-08-16,1.3675351,-0.5302333,-0.70949364
2021-08-17,0.39284533,0.1757608,-0.4001104
2021-08-18,0.10638124,0.3030966,-0.2771952
2021-08-19,0.15748107,0.25464803,-0.29540104
2021-08-20,-0.30214036,0.23119894,0.102318645
2021-08-23,-0.3491886,0.21754271,0.17872523
2021-08-24,-0.007879317,-0.05755508,-0.027895007
2021-08-25,-0.00084374845,-0.059624664,-0.031841893
2021-08-26,0.13246909,-0.17249623,-0.09002814
2021-08-27,0.10705167,-0.16481003,-0.08338575
2021-08-30,-0.11067238,-0.015100874,-0.01015636
2021-08-31,0.00022761524,-0.11212782,-0.055234853
2021-09-01,0.06488955,-0.15344939,-0.08634039
2021-09-06,-0.084385276,-0.043280326,-0.03565526
2021-09-07,-0.058610596,-0.043074667,-0.054417435
2021-09-08,-0.010836512,-0.08793188,-0.067171186
2021-09-09,-0.028410524,-0.07168807,-0.06247856
2021-09-10,-0.03315965,-0.07960561,-0.05765188
2021-09-13,-0.060579747,-0.080363,-0.043813523
2021-09-14,-0.050839044,-0.10147465,-0.0428551
2021-09-15,1.1733959,-0.87290454,-0.5521144
2021-09-16,-0.17417936,-0.037224725,-0.033832256
2021-09-17,-0.07706395,-0.09298823,-0.07187758
2021-09-20,-0.20060442,0.014912602,-0.010463445
2021-09-21,0.7001435,-0.5652344,-0.38836768
2021-09-22,1.1657522,-0.8745896,-0.60430616
2021-09-23,-0.07657589,-0.1239642,-0.118792936
2021-09-24,-0.47000268,0.2504479,0.13305177
2021-09-27,-0.23648241,0.010707676,-0.016946
2021-09-28,-0.0424885,-0.10935237,-0.11338985
2021-09-29,0.11063486,-0.1825274,-0.1815445
2021-09-30,0.24440071,-0.27272627,-0.26045287
2021-10-01,-0.22347493,0.0018218234,-0.06718368
2021-10-04,0.04384023,-0.19195196,-0.17792183
2021-10-05,-0.073634714,-0.103945285,-0.13638255
2021-10-06,-0.0032947063,-0.1451523,-0.17294721
2021-10-07,-0.0800128,-0.09004896,-0.14505413
2021-10-08,-0.031484157,-0.1192582,-0.17002472
2021-10-11,-0.52242184,0.35595104,0.15342592
2021-10-12,0.06377913,-0.103770785,-0.19896473
2021-10-13,-0.037961677,-0.05803729,-0.18101373
2021-10-14,0.022958875,-0.10318425,-0.2079208
2021-10-15,-0.057972908,-0.058327027,-0.17454818
2021-10-18,0.08744538,-0.1493489,-0.23500921
2021-10-19,-0.031427026,-0.08845257,-0.18789499
2021-10-20,-0.051967964,-0.07675746,-0.18229778
2021-10-21,-0.13765006,-0.03920252,-0.14134693
2021-10-22,0.62720555,-0.51555336,-0.4538592
2021-10-25,0.38706988,-0.39227545,-0.36751503
2021-10-26,-0.22416718,0.01003876,-0.12292749
2021-10-27,-0.20808011,0.025141247,-0.13299459
2021-10-28,-0.05731605,-0.071219414,-0.20410188
2021-10-29,0.20022845,-0.23196197,-0.3104021
2021-11-01,0.16432267,-0.21795836,-0.29930404
2021-11-02,0.037288785,-0.14219058,-0.25205946
2021-11-03,-0.3418675,0.1893174,-0.039864663
2021-11-04,-0.14960189,0.00914387,-0.17164929
2021-11-05,-0.16235147,0.0051035658,-0.15944716
2021-11-08,1.1670859,-0.8348879,-0.70465916
2021-11-09,-0.088934064,-0.06455021,-0.21576105
2021-11-10,-0.017962262,-0.1127914,-0.25779855
2021-11-11,-0.32889226,0.0990844,-0.07685439
2021-11-12,-0.27787212,0.08628189,-0.10933584
2021-11-15,-0.038316578,-0.025699705,-0.25516617
2021-11-16,0.047393337,-0.039492227,-0.31332552
2021-11-17,-0.028424382,0.005104348,-0.3002539
2021-11-18,-0.13369392,0.048090495,-0.24717842
2021-11-19,-0.034848243,-0.012062155,-0.28579038
2021-11-22,-0.37368822,0.3190884,-0.06946794
2021-11-23,-0.051400557,0.044421352,-0.27246916
2021-11-24,-0.57437396,0.5486938,0.1620444
2021-11-25,0.0042479634,0.06209509,-0.21333589
2021-11-26,-0.13104887,0.14202628,-0.13122256
2021-11-29,-0.114177845,0.10327143,-0.13508849
2021-11-30,-0.18432981,0.12598673,-0.054908622
2021-12-01,0.119059235,-0.052579246,-0.21699555
2021-12-02,-0.04645081,0.028585121,-0.14317511
2021-12-03,-0.17943312,0.08443237,-0.038448807
2021-12-06,-0.18777278,0.048390217,-0.010474247
2021-12-07,-0.1503704,0.061967343,-0.034241494
2021-12-08,-0.033157267,-0.0010623485,-0.09377658
2021-12-09,0.07239972,-0.057231694,-0.14684398
2021-12-10,0.044021755,-0.05263325,-0.13201256
2021-12-13,-0.012755513,-0.01690808,-0.10961966
2021-12-14,-0.02145487,-0.020153418,-0.10248786
2021-12-15,-0.032330453,0.00022348017,-0.102004245
2021-12-16,0.017241508,-0.04319741,-0.11861093
2021-12-17,-0.018361136,-0.025795065,-0.10683988
2021-12-20,0.25767815,-0.21423137,-0.23154692
2021-12-21,-0.012960255,-0.04955428,-0.11945285
2021-12-22,1.1766818,-0.8324449,-0.6439002
2021-12-23,-0.0688283,-0.09267916,-0.15042363
2021-12-24,-0.35586444,0.19487599,0.035678454
2021-12-27,0.058163986,-0.11351119,-0.19907524
2021-12-28,0.3028869,-0.2620184,-0.3054607
2021-12-29,0.19428885,-0.20011726,-0.2683284
2021-12-30,0.025721729,-0.090532936,-0.20659475
2021-12-31,0.37759966,-0.28664428,-0.35924023
2022-01-04,0.81527007,-0.5578053,-0.55743873
2022-01-05,0.1978327,-0.20702046,-0.3120098
2022-01-06,-0.14460662,-0.014626343,-0.17043197
2022-01-07,-0.09675132,-0.030206501,-0.19216408
2022-01-10,-0.24946523,0.06343114,-0.09376348
2022-01-11,-0.09380701,-0.06390648,-0.1733429
2022-01-12,-0.61897516,0.4761331,0.2086207
2022-01-13,-0.117158234,0.07872675,-0.14754017
2022-01-14,0.046018958,-0.027343161,-0.2138462
2022-01-17,-0.028614044,0.011496849,-0.18183504
2022-01-18,0.04316871,-0.012166366,-0.21779315
2022-01-19,-0.1138477,0.0700813,-0.14791042
2022-01-20,-0.024583682,0.046880625,-0.19246008
2022-01-21,-0.32923746,0.3542497,0.030324321
2022-01-24,0.26614535,-0.08336694,-0.28735194
2022-01-25,0.010967344,0.07546912,-0.18789472
2022-01-26,-0.04560612,0.11255754,-0.1624678
2022-01-27,-0.06967354,0.11745509,-0.15021111
2022-01-28,-0.0355544,0.10817493,-0.16273384
2022-02-07,0.042404562,0.05918234,-0.19394968
2022-02-08,0.0019370317,0.084496416,-0.17789592
2022-02-09,0.0083369315,0.061286613,-0.17387785
2022-02-10,0.17554605,-0.025145955,-0.24721746
2022-02-11,0.021234542,0.07030579,-0.18952988
2022-02-14,-0.5218034,0.45560595,0.25063694
2022-02-15,0.02263324,0.050303556,-0.113624915
2022-02-16,0.4421786,-0.21712491,-0.29317766
2022-02-17,0.03277707,0.058603115,-0.1412832
2022-02-18,-0.095124446,0.11735352,-0.068008676
2022-02-21,0.04103598,0.030191816,-0.1317347
2022-02-22,-0.2121326,0.30362606,0.034490667
2022-02-23,0.10700673,0.058108702,-0.1471568
2022-02-24,0.011812121,0.10127411,-0.12616864
2022-02-25,0.6347381,-0.29381612,-0.38894868
2022-02-28,0.037099704,0.07967476,-0.16015986
2022-03-01,0.019255191,0.07983047,-0.15302019
2022-03-02,-0.22955705,0.20997187,0.041822016
2022-03-03,-0.0490406,0.09265713,-0.08297556
2022-03-04,0.12774482,-0.024808593,-0.15758358
2022-03-07,-0.090079285,0.07173074,-0.053859208
2022-03-08,-0.18649548,0.09874942,0.04299554
2022-03-09,0.010264844,-0.05289261,-0.057001542
2022-03-10,0.013951182,-0.04028269,-0.06449263
2022-03-11,-0.044013873,0.014826581,-0.04718885
2022-03-14,0.8392644,-0.52858114,-0.43219873
2022-03-15,0.16140366,-0.12349069,-0.17181264
2022-03-16,-0.09890564,0.058936536,-0.070871904
2022-03-17,0.09575087,-0.05203236,-0.15592119
2022-03-18,0.07653616,-0.04964318,-0.14870176
2022-03-21,-0.0042948127,0.0030516386,-0.11665058
2022-03-22,1.1707914,-0.72486776,-0.6145397
2022-03-23,-0.033139557,-0.0062757432,-0.13854495
2022-03-24,0.0122100115,-0.038808197,-0.15624927
2022-03-25,-0.015368134,-0.034791037,-0.14198984
2022-03-28,0.050035924,-0.09068999,-0.16813713
2022-03-29,-0.15381151,0.0678562,-0.08265958
2022-03-30,0.8445656,-0.53197867,-0.5099812
2022-03-31,0.17469138,-0.11388307,-0.25667855
2022-04-01,-0.054824144,0.0459373,-0.1727943
2022-04-04,0.31789353,-0.20236197,-0.31925237
2022-04-05,1.2032771,-0.7786446,-0.6852162
2022-04-06,-0.05183941,0.3122101,-0.28545284
2022-04-07,0.11088532,0.27275798,-0.39963824
2022-04-08,-0.08661008,0.2951666,-0.24067579
2022-04-12,-0.4382198,0.30391207,0.08544655
2022-04-13,-0.08383731,0.024864994,-0.1519728
2022-04-14,0.073049754,-0.089358844,-0.21830742
2022-04-15,-0.3282588,0.17166582,0.023343436
2022-04-18,-0.3759579,0.17076,0.09109591
2022-04-19,-0.3024318,0.06124793,0.067695946
2022-04-20,-0.037837736,-0.12314929,-0.07785784
2022-04-21,-0.1941466,0.004595652,-0.008671855
2022-04-22,-0.04932618,-0.08944516,-0.07735352
2022-04-25,-0.62028885,0.31303814,0.36032838
2022-04-26,-0.3281047,0.1447671,0.17874454
2022-04-27,-0.0008560717,-0.09014727,-0.015617135
2022-04-28,0.1063005,-0.17051506,-0.05886909
2022-04-29,-0.050444663,-0.059651747,-0.0041195815
2022-05-04,-0.112277925,-0.06486053,0.038020372
2022-05-05,-0.061198816,-0.090158686,0.018040922
2022-05-06,-0.1972787,-0.046965756,0.106802575
2022-05-09,-0.3235892,-0.01480376,0.2558208
2022-05-10,-0.22480696,-0.046362236,0.18917766
2022-05-11,-0.16019094,-0.073485136,0.14337285
2022-05-12,-0.32106927,-0.015587501,0.31433028
2022-05-13,-0.26402712,-0.14143074,0.30398834
2022-05-16,-0.2139098,-0.15225485,0.27229965
2022-05-17,-0.33294123,0.08525755,0.40948206
2022-05-18,-0.00089652836,-0.15371889,0.20124981
2022-05-19,0.037343144,-0.1746453,0.18090841
2022-05-20,-0.036365926,-0.1202571,0.19701001
2022-05-23,-0.037403345,-0.15429738,0.21055774
2022-05-24,-0.09584797,-0.08939521,0.2290185
2022-05-25,0.17385483,-0.18876857,0.11505483
2022-05-26,0.19003275,-0.21298668,0.08983284
2022-05-27,-0.0052349716,-0.06818042,0.14914215
2022-05-30,-0.0019958764,-0.0673254,0.14156376
2022-05-31,0.006366536,-0.089901924,0.14226972
2022-06-01,0.069103405,-0.13762,0.11648067
2022-06-02,-0.03278154,-0.09732445,0.16199905
2022-06-03,0.094537735,-0.1674951,0.10070115
2022-06-06,0.54559654,-0.46017927,-0.09796419
2022-06-07,0.078692615,-0.20348021,0.07803508
2022-06-08,-0.14692304,-0.0052248314,0.16893183
2022-06-09,0.8122723,-0.6111801,-0.24289595
2022-06-10,0.95066804,-0.7343514,-0.33900985
2022-06-13,-0.58116853,0.23867047,0.47341177
2022-06-14,0.8804849,-0.7832631,-0.2503589
2022-06-15,-0.14183962,-0.20774111,0.149865
2022-06-16,-0.08150278,-0.24362555,0.12661508
2022-06-17,-0.48329675,0.010428645,0.43682778
2022-06-20,-0.18431216,-0.25589025,0.24485116
2022-06-21,0.046595782,-0.39653927,0.1504507
2022-06-22,-0.10046433,-0.28370404,0.20366736
2022-06-23,-0.25655034,-0.14241683,0.27866954
2022-06-24,-0.027689636,-0.3089075,0.17952336
2022-06-27,-0.17806286,-0.19767731,0.23313883
2022-06-28,-0.22118598,-0.13033077,0.2572024
2022-06-29,-0.079542376,-0.22057167,0.19461758
2022-06-30,-0.10857024,-0.22819248,0.21617386
2022-07-01,-0.058695227,-0.25834793,0.19615196
2022-07-04,-0.15722239,-0.17788962,0.22989683
2022-07-05,-0.21074542,-0.06201703,0.26244247
2022-07-06,0.17243871,-0.31389344,0.08925881
2022-07-07,-0.07897091,-0.15446213,0.18119241
2022-07-08,-0.04051499,-0.16729191,0.16235949
2022-07-11,0.65299565,-0.5933627,-0.13114478
2022-07-12,-0.1582455,-0.016878687,0.16685872
2022-07-13,0.08319709,-0.14239278,0.047665946
2022-07-14,-0.018559933,-0.07142482,0.08070879
2022-07-15,1.2105551,-0.8191146,-0.39638156
2022-07-18,0.52439755,-0.436226,-0.18857263
2022-07-19,-0.08424978,-0.07852755,0.044529606
2022-07-20,0.5698047,-0.4612223,-0.2367595
2022-07-21,0.21820465,-0.25316346,-0.11745454
2022-07-22,0.12458861,-0.20437354,-0.08553406
2022-07-25,-0.054212898,-0.114922345,-0.011850641
2022-07-26,0.25322545,-0.2680438,-0.14738904
2022-07-27,-0.10410767,-0.07081572,-0.007456419
2022-07-28,-0.04701042,-0.011738554,-0.054803785
2022-07-29,-0.000110030174,-0.0334097,-0.07764529
2022-08-01,-0.08926824,0.32326514,-0.10019014
2022-08-02,0.6701831,-0.13538134,-0.4661067
2022-08-03,0.5687563,0.037880667,-0.4824986
2022-08-04,0.13826686,0.2419405,-0.30754536
2022-08-05,0.10908753,0.17636305,-0.28055167
2022-08-08,0.971407,-0.26381096,-0.67935514
2022-08-09,0.6486919,-0.020720713,-0.5959942
2022-08-10,0.06366576,0.30360103,-0.35414052
2022-08-11,-0.09127511,0.31162047,-0.20388877
2022-08-12,0.0856033,0.22853813,-0.32768726
2022-08-15,0.08615686,0.29339793,-0.35681182
2022-08-16,0.21477312,0.17882174,-0.39880687
2022-08-17,0.051478475,0.34371984,-0.3695875
2022-08-18,0.07387246,0.30722842,-0.36243123
2022-08-19,0.13531202,0.2626381,-0.38469058
2022-08-22,0.40501928,0.17621943,-0.5223003
2022-08-23,0.2619058,0.31511593,-0.48529506
2022-08-24,0.45481968,0.24380672,-0.5823773
2022-08-25,0.6116254,0.17871252,-0.6625803
2022-08-26,0.13836384,0.42580825,-0.46345037
2022-08-29,1.3494613,-0.30090514,-0.9628041
2022-08-30,0.18978548,0.49261737,-0.53555965
2022-08-31,0.25143865,0.46869928,-0.568165
2022-09-05,0.082879305,0.47306484,-0.46845305
2022-09-06,0.21340692,0.43845385,-0.53355503
2022-09-07,-0.410651,0.69551635,-0.050652537
2022-09-08,-0.01582253,-0.0031664893,-0.23249765
2022-09-09,-0.006104082,-0.03380906,-0.23019083
2022-09-12,0.23238859,-0.18970278,-0.32474944
2022-09-13,0.062711954,-0.09848669,-0.28417805
2022-09-14,0.08762658,-0.12914363,-0.29997253
2022-09-15,-0.1790921,0.020810753,-0.18595807
2022-09-16,0.2919414,-0.29887113,-0.37736088
2022-09-19,-0.66649526,0.3725998,0.1967486
2022-09-20,-0.28080606,0.07232473,-0.078398004
2022-09-21,-0.017289877,-0.12848371,-0.21076171
2022-09-22,-0.03496313,-0.11561967,-0.20928796
2022-09-23,-0.041610852,-0.12807557,-0.20096202
2022-09-26,-0.44941196,0.13626716,0.082398705
2022-09-27,-0.16737056,-0.0921436,-0.10317891
2022-09-28,-0.09917079,-0.14976476,-0.12573025
2022-09-29,0.14448693,-0.31329316,-0.23365639
2022-09-30,-0.19437851,-0.09551094,-0.100451335
2022-10-03,-0.7336468,0.30987108,0.36844122
2022-10-04,-0.13183302,-0.18316767,-0.021784976
2022-10-05,-0.2730031,-0.051053945,0.04988462
2022-10-06,-0.47119212,0.06416508,0.2450846
2022-10-07,-0.45060158,-0.024139948,0.29606357
2022-10-10,-0.2717467,-0.15593281,0.1706844
2022-10-11,-0.42138183,-0.0808039,0.34765184
2022-10-12,-0.5024736,0.11697637,0.46273202
2022-10-13,-0.16276409,-0.15651774,0.22851637
2022-10-14,-0.17990868,-0.113650545,0.23443899
2022-10-17,0.006098479,-0.24774826,0.16625619
2022-10-18,-0.017430067,-0.23165774,0.17088985
2022-10-19,-0.07625759,-0.20079193,0.19452743
2022-10-20,-0.07425461,-0.22697946,0.20286563
2022-10-21,-0.2826604,-0.14055088,0.35620266
2022-10-24,-0.034164473,-0.30808374,0.23387434
2022-10-25,-0.28793824,-0.10290744,0.38793957
2022-10-26,-0.09521725,-0.24347532,0.2775324
2022-10-27,-0.29250866,-0.0035073385,0.39173266
2022-10-28,-0.04725048,-0.177401,0.24189591
2022-10-31,0.27112207,-0.36173594,0.12458329
2022-11-01,-0.06678729,-0.14037624,0.24182759
2022-11-02,0.008782297,-0.191719,0.2152502
2022-11-03,0.23544395,-0.3549056,0.11988124
2022-11-04,0.39333075,-0.44217384,0.031978536
2022-11-07,-0.2623006,-0.085834585,0.36074823
2022-11-08,0.5268795,-0.57654196,-0.008044961
2022-11-09,0.4801535,-0.5848458,-0.013343315
2022-11-10,-0.4004615,-0.042643473,0.4513681
2022-11-11,-0.043347225,-0.30953273,0.24074766
2022-11-14,-0.2656415,-0.15369669,0.36247867
2022-11-15,-0.31414858,-0.087478414,0.44134694
2022-11-16,-0.33877462,-0.047727115,0.49409616
2022-11-17,-0.20249833,-0.17139,0.3871805
2022-11-18,0.2550521,-0.4269634,0.24903984
2022-11-21,0.022835314,-0.29980546,0.31535855
2022-11-22,0.17263392,-0.39570412,0.24664107
2022-11-23,-0.079597026,-0.2564964,0.32112435
2022-11-24,0.45489675,-0.5801984,0.10957079
2022-11-25,-0.2138055,-0.17704329,0.3568762
2022-11-28,-0.26911652,-0.022768237,0.4308495
2022-11-29,0.023361146,-0.17646074,0.30257526
2022-11-30,-0.016775861,-0.124343045,0.311979
2022-12-01,-0.011647642,-0.085861854,0.31277025
2022-12-02,-0.08970156,0.076735385,0.3711576
2022-12-05,0.4148184,-0.2126919,0.17260632
2022-12-06,-0.23025277,0.09767451,0.44424605
2022-12-07,-0.0008766204,-0.08389504,0.33625826
2022-12-08,0.4184196,-0.22719344,0.19394286
2022-12-09,0.08820085,-0.001515314,0.28608143
2022-12-12,0.29346585,-0.1718052,0.2063768
2022-12-13,0.86687475,-0.4958168,-0.04230054
2022-12-14,0.5067633,-0.3051808,0.023012307
2022-12-15,0.02682516,0.051486246,0.15843228
2022-12-16,0.06452063,0.086993195,0.14424193
2022-12-19,-0.03577487,0.11521175,0.20256676
2022-12-20,-0.12503779,0.14223167,0.28207636
2022-12-21,0.09927949,0.004414104,0.18380375
2022-12-22,0.08079262,0.042978592,0.18700044
2022-12-23,0.15075621,0.047362,0.1578211
2022-12-26,0.09574965,-0.016551122,0.18133147
2022-12-27,-0.0059460998,0.09043632,0.21947275
2022-12-28,0.1051442,0.0650358,0.17847015
2022-12-29,0.17173976,0.021315388,0.15307485
2022-12-30,0.5432121,-0.23593637,0.007677165
2023-01-03,-0.099711336,0.26072425,0.26395643
2023-01-04,0.88828963,-0.35620838,-0.13021465
2023-01-05,0.19456416,0.054925963,0.036931958
2023-01-06,0.5322289,-0.04703819,-0.14145319
2023-01-09,0.163892,0.19245759,-0.045490254
2023-01-10,0.33358175,0.08881696,-0.10970357
2023-01-11,0.22275785,0.19564736,-0.0958369
2023-01-12,0.18285352,0.22475332,-0.08735287
2023-01-13,0.674536,-0.017912261,-0.28386557
2023-01-16,0.14280131,0.34117165,-0.19729699
2023-01-17,0.074600354,0.5595694,-0.17681049
2023-01-18,0.815321,0.121890225,-0.45261478
2023-01-19,0.26101896,0.46243656,-0.31254566
2023-01-27,0.2621861,0.41165408,-0.30645576
2023-01-30,0.086244255,0.33883518,-0.17411502
2023-01-31,1.5230074,-0.23746645,-0.7879338
2023-02-01,-0.010997564,0.51542056,-0.13994037
2023-02-02,0.20038211,0.3198895,-0.26428822
2023-02-03,0.024094895,0.29520392,-0.117526546
2023-02-06,0.32711568,0.14055923,-0.269576
2023-02-07,0.9605786,-0.33210188,-0.5093644
2023-02-08,0.1520043,0.2383947,-0.22890075
2023-02-09,0.24095619,0.19816273,-0.27067718
2023-02-10,0.067487285,0.16738072,-0.16368034
2023-02-13,-0.12391707,0.0531772,-0.004031555
2023-02-14,-0.03060463,-0.025493622,-0.050129663
2023-02-15,-0.039090812,-0.012495384,-0.06551356
2023-02-16,-0.10616619,0.048889227,-0.054016437
2023-02-17,-0.0435995,-0.0044238046,-0.07662836
2023-02-20,-0.30227694,0.2968602,0.104629904
2023-02-21,0.8919,-0.5315761,-0.44695848
2023-02-22,-0.077250235,0.030747391,-0.064192496
2023-02-23,0.014604688,-0.03339854,-0.09622068
2023-02-24,-0.15187624,0.036559425,-0.002898884
2023-02-27,-0.09303241,-0.0436024,-0.021058839
2023-02-28,0.15910944,-0.1994837,-0.13223602
2023-03-01,-0.0037422031,-0.06793741,-0.08148293
2023-03-02,-0.058869056,-0.05547861,-0.05248
2023-03-03,-0.003966972,-0.11105666,-0.06737797
2023-03-06,-0.072302125,-0.060512513,-0.05398756
2023-03-07,0.042710096,-0.12026185,-0.1031359
2023-03-08,-0.098411575,-0.025232792,-0.06877249
2023-03-09,-0.102927044,-0.0042191185,-0.072274916
2023-03-10,-0.009651974,-0.06725195,-0.11507645
2023-03-13,-0.0014694333,-0.093042165,-0.11088355
2023-03-14,-0.13559917,-0.03809692,-0.049599994
2023-03-15,-0.27794707,0.1512349,0.05266076
2023-03-16,-0.068230644,-0.0464532,-0.062454853
2023-03-17,-0.015806288,-0.080188476,-0.089765646
2023-03-20,0.9538556,-0.70014346,-0.49536157
2023-03-21,0.0035719723,-0.11898494,-0.12942557
2023-03-22,0.08036214,-0.16619968,-0.17155118
2023-03-23,-0.041285574,-0.09235358,-0.12439203
2023-03-24,0.062202632,-0.12975188,-0.17575528
2023-03-27,0.39167935,-0.32119966,-0.31971255
2023-03-28,-0.03670527,-0.060914353,-0.16875218
2023-03-29,0.15204844,-0.15523657,-0.2563128
2023-03-30,0.14853382,-0.15927458,-0.25820723
2023-03-31,0.225672,-0.21029034,-0.2934634
2023-04-03,-0.22306617,0.12965241,-0.09205066
2023-04-04,-0.019530475,-0.019264914,-0.21761204
2023-04-05,0.014450312,-0.037537828,-0.23271292
2023-04-06,-0.18791556,0.077266954,-0.12700014
2023-04-07,-0.0170189,-0.030213796,-0.21089019
2023-04-10,0.17491591,-0.1502954,-0.28995514
2023-04-11,0.32976547,-0.23779443,-0.36106485
2023-04-12,0.934565,-0.6235922,-0.61227554
2023-04-13,0.5436944,-0.40472004,-0.4640183
2023-04-14,-0.2850556,0.117192335,-0.08667697
2023-04-17,0.09636736,-0.15364844,-0.2773044
2023-04-18,-0.16157581,-0.008926049,-0.18524589
2023-04-19,-0.093133986,-0.05483649,-0.21036226
2023-04-20,-0.05183606,-0.07546153,-0.2280403
2023-04-21,0.33757567,-0.3134423,-0.3871861
2023-04-24,-0.04496585,-0.06456964,-0.2453823
2023-04-25,-0.027604103,-0.027149297,-0.26994717
2023-04-26,0.36810267,-0.26659703,-0.4390808
2023-04-27,-0.037891746,-0.011699267,-0.28306326
2023-04-28,-0.037298217,-0.009494014,-0.2862067
2023-05-04,0.93291885,-0.6294725,-0.6690689
2023-05-05,-0.048345163,-0.04255358,-0.28488106
2023-05-08,-0.2254379,0.09750002,-0.19489114
2023-05-09,0.5306071,-0.37992054,-0.5194601
2023-05-10,-0.12049413,0.2488707,-0.3199679
2023-05-11,0.036868736,0.10874034,-0.39420432
2023-05-12,0.055563256,0.16097361,-0.429933
2023-05-15,-0.079649776,0.32877073,-0.38155228
2023-05-16,0.22106582,0.095937036,-0.50654465
2023-05-17,-0.21528792,0.22258493,-0.22337063
2023-05-18,-0.1286195,0.1324186,-0.30642393
2023-05-19,0.11258027,-0.01991225,-0.40770626
2023-05-22,-0.07456088,0.21189031,-0.37910283
2023-05-23,-0.06513482,0.1613197,-0.36216533
2023-05-24,-0.12777987,0.05674588,-0.2857703
2023-05-25,-0.032545984,-0.01787544,-0.3205487
2023-05-26,-0.04076588,-0.012808025,-0.3174959
2023-05-29,-0.2731297,0.18937308,-0.19230141
2023-05-30,-0.027051821,0.009481348,-0.33165222
2023-05-31,-0.15764421,0.08026718,-0.27660698
2023-06-01,0.17274338,-0.11540087,-0.41097793
2023-06-02,-0.6059023,0.52282816,0.093129896
2023-06-05,0.0026205182,0.02149517,-0.2918099
2023-06-06,-0.27314538,0.24505901,-0.11603387
2023-06-07,-0.060250223,0.06808603,-0.24838589
2023-06-08,-0.18816905,0.14463857,-0.15767658
2023-06-09,-0.043568403,0.058614135,-0.24600755
2023-06-12,0.016723067,0.019221507,-0.27767447
2023-06-13,-0.0038405657,0.029062971,-0.2734173
2023-06-14,0.28642905,-0.15704033,-0.39010566
2023-06-15,-0.033519715,0.040540084,-0.26836053
2023-06-16,-0.021798313,0.033422656,-0.27246147
2023-06-19,-0.05903341,0.044810332,-0.2509155
2023-06-20,0.02787079,-0.001529634,-0.288219
2023-06-21,0.05442342,-0.011688925,-0.30570966
2023-06-22,0.109172195,-0.04641562,-0.33050212
2023-06-23,-0.06229563,0.06414902,-0.2626152
2023-06-26,0.054873824,-0.011149518,-0.31118017
2023-06-27,-0.07214767,0.066406086,-0.2606951
2023-06-28,-0.18075049,0.15880635,-0.18713368
2023-06-29,-0.22362424,0.1832203,-0.13885128
2023-06-30,1.184737,-0.7306108,-0.74592084
2023-07-03,-0.020474508,0.0026763752,-0.27545917
2023-07-04,0.8638782,-0.537718,-0.64268374
2023-07-05,0.02250573,-0.021825649,-0.31749502
2023-07-06,0.25746852,-0.18406793,-0.40681818
2023-07-07,-0.014241248,0.002028145,-0.30936128
2023-07-10,-0.16576657,0.1165914,-0.24205397
2023-07-11,-0.23311912,0.18418252,-0.1834663
2023-07-12,-0.14434142,0.0988723,-0.24426095
2023-07-13,0.013926774,0.0041387975,-0.31155103
2023-07-14,-0.14407736,0.108226545,-0.2434756
2023-07-17,0.071551755,-0.03027583,-0.33213466
2023-07-18,-0.03870672,0.039202116,-0.28907305
2023-07-19,-0.16335665,0.11005602,-0.22160475
2023-07-20,-0.019648597,0.02026356,-0.28941774
2023-07-21,0.065545976,-0.023409404,-0.32667515
2023-07-24,-0.012434438,0.025448702,-0.29653805
2023-07-25,0.059328437,-0.020357601,-0.32592177
2023-07-26,0.8024288,-0.49204397,-0.62424535
2023-07-27,0.604694,-0.38115284,-0.55749816
2023-07-28,0.074370444,-0.016053252,-0.3764174
2023-07-31,0.005784735,0.1249448,-0.38521698
2023-08-01,0.036036715,0.10511658,-0.3969339
2023-08-02,0.029222399,0.10612973,-0.39367902
2023-08-03,0.27361012,-0.07557944,-0.48308545
2023-08-04,0.1674208,0.044977523,-0.4627217
2023-08-07,-0.1175625,0.2443769,-0.33688533
2023-08-08,0.4690761,-0.23788115,-0.5456696
2023-08-09,0.25473922,-0.12352785,-0.46240026
2023-08-10,-0.2998853,0.18017,-0.15845737
2023-08-11,0.4629159,-0.3250868,-0.50789976
2023-08-14,-0.019915223,-0.027443789,-0.32202154
2023-08-15,-0.040280163,-0.015000887,-0.31489113
2023-08-16,0.35657138,-0.25679025,-0.47535363
2023-08-17,-0.20794748,0.08644373,-0.23678868
2023-08-18,-0.65486467,0.44388196,0.14909334
2023-08-21,-0.019421801,-0.06575208,-0.2569908
2023-08-22,-0.03884536,-0.05012025,-0.25086918
2023-08-23,-0.12754561,-0.010673657,-0.209334
2023-08-24,-0.19311655,0.059664086,-0.1764469
2023-08-25,-0.052802444,-0.050317936,-0.25164104
2023-08-28,0.004859537,-0.078327365,-0.2777424
2023-08-29,-0.06525342,-0.034029476,-0.25896823
2023-08-30,-0.12879464,0.018985234,-0.23682927
2023-08-31,-0.078387305,-0.0042183027,-0.2611973
2023-09-05,-0.43050665,0.3636775,-0.01808196
2023-09-06,0.21601206,-0.11577036,-0.37119955
2023-09-07,0.024593234,0.005452685,-0.3017245
2023-09-08,-0.09672883,0.07405538,-0.25004843
2023-09-11,-0.1487521,0.08105817,-0.20614253
2023-09-12,-0.23677453,0.21309215,-0.13655867
2023-09-13,-0.07115117,0.067318805,-0.23405305
2023-09-14,-0.019410849,0.042256534,-0.2562805
2023-09-15,-0.09061018,0.09438235,-0.22818555
2023-09-18,-0.07480027,0.07747559,-0.22849919
2023-09-19,1.1087418,-0.6760118,-0.7109491
2023-09-20,-0.067614764,0.05874794,-0.25792596
2023-09-21,-0.16555375,0.1075447,-0.19242753
2023-09-22,-0.08802143,0.031353377,-0.23217213
2023-09-25,-0.3423506,0.20053047,-0.027920596
2023-09-26,-0.033996955,-0.026802056,-0.22209977
2023-09-27,-0.11206569,0.043604262,-0.19533393
2023-09-28,-0.02406016,-0.010066189,-0.23000345
2023-09-29,0.011409968,-0.032361478,-0.24475841
2023-10-02,-0.02788344,0.0005817637,-0.23292847
2023-10-03,0.2647179,-0.22693384,-0.33359188
2023-10-04,-0.040670723,-0.033593744,-0.21801068
2023-10-05,-0.01766774,-0.05685308,-0.22795767
2023-10-06,-0.04400514,-0.033025622,-0.2205322
2023-10-09,0.08769846,-0.10215032,-0.2786407
2023-10-10,0.48602343,-0.3418796,-0.45029166
2023-10-11,0.0027076602,-0.044458866,-0.26362434
2023-10-12,-0.029229552,-0.03679631,-0.24706008
2023-10-13,0.11717394,-0.12064547,-0.31045038
2023-10-16,-0.057037696,-0.0349259,-0.23403297
2023-10-17,-0.024655163,-0.06305445,-0.24525313
2023-10-18,-0.115189806,-0.03507801,-0.1971141
2023-10-19,0.012679055,-0.12311424,-0.24534373
2023-10-20,-0.21926346,0.061877392,-0.14012747
2023-10-23,0.81573427,-0.6072154,-0.5726354
2023-10-24,-0.014849067,-0.09454701,-0.2516526
2023-10-25,0.19340536,-0.23258492,-0.33499327
2023-10-26,-0.5435265,0.27480444,0.112857625
2023-10-27,-0.24029656,0.041535147,-0.10592353
2023-10-30,-0.2647991,0.028119512,-0.066764265
2023-10-31,0.39603764,-0.39462227,-0.36228997
2023-11-01,-0.07223448,-0.102568075,-0.18432559
2023-11-02,-0.377305,0.19551376,0.01457701
2023-11-03,-0.17787679,-0.004182376,-0.12381452
2023-11-06,-0.30745625,0.17502415,-0.012500218
2023-11-07,-0.015129581,-0.05884809,-0.1816119
2023-11-08,-0.25491402,0.18000916,-0.03579159
2023-11-09,0.010801554,-0.018091902,-0.19008438
2023-11-10,-0.14480108,0.055270217,-0.11011356
2023-11-13,0.03650263,-0.052431583,-0.18943195
2023-11-14,-0.13061376,0.08290834,-0.13229279
2023-11-15,0.16506165,-0.09608772,-0.2604406
2023-11-16,0.0064743757,-0.005171396,-0.19721793
2023-11-17,-0.05509852,0.008569449,-0.16307418
2023-11-20,-0.045154184,-0.012814,-0.16155468
2023-11-21,-0.021275163,-0.0195717,-0.17365071
2023-11-22,-0.012592092,-0.029040411,-0.17615159
2023-11-23,0.54533136,-0.393409,-0.40426898
2023-11-24,0.044347852,-0.09418911,-0.20977305
2023-11-27,0.23114604,-0.2336691,-0.28146482
2023-11-28,-0.12001485,0.00032456964,-0.1556531
2023-11-29,-0.034386218,-0.051937133,-0.18940775
2023-11-30,0.4360842,-0.35074657,-0.38266957
2023-12-01,0.18150842,-0.19983569,-0.28859258
2023-12-04,0.58846813,-0.43659604,-0.46734726
2023-12-05,0.02190873,-0.09436274,-0.25196803
2023-12-06,1.0348842,-0.72122604,-0.66705394
2023-12-07,-0.14451586,0.009418219,-0.20877597
2023-12-08,0.5086611,-0.38264126,-0.47702888
2023-12-11,-0.021493226,-0.06460276,-0.2700083
2023-12-12,0.607726,-0.44633248,-0.52686197
2023-12-13,-0.13581333,0.011157103,-0.23717694
2023-12-14,-0.034037054,-0.030484565,-0.28476965
2023-12-15,0.5246508,-0.36815238,-0.5131316
2023-12-18,0.2272982,-0.19590256,-0.40540886
2023-12-19,-0.0932211,0.11015373,-0.3203975
2023-12-20,0.010625482,0.013868637,-0.3518042
2023-12-21,0.23889405,-0.12597612,-0.44589818
2023-12-22,-0.074205235,0.21198606,-0.3701651
2023-12-25,0.893284,-0.3228381,-0.78795457
2023-12-26,0.74525,-0.20647523,-0.75198954
2023-12-27,0.008481041,0.2623054,-0.46546608
2023-12-28,-0.0054162443,0.30900127,-0.4787655
2023-12-29,0.0814946,0.27709237,-0.5113495
2024-01-02,0.41502976,0.067881115,-0.64572185
2024-01-03,-0.20388907,0.5565529,-0.3396631
2024-01-04,-0.47174457,0.71048784,-0.05072354
2024-01-05,-0.11862077,0.1751441,-0.25560987
2024-01-08,0.07652947,0.036391325,-0.3365694
2024-01-09,0.10092032,0.020042323,-0.3492879
2024-01-10,-0.00096939504,0.088752665,-0.31136003
2024-01-11,-0.07591976,0.057304263,-0.24868618
2024-01-12,-0.25162193,0.25858098,-0.13522021
2024-01-15,0.043780223,0.0069205686,-0.2872097
2024-01-16,0.06519455,-0.007719256,-0.29740697
2024-01-17,-0.069202915,0.07707898,-0.24436079
2024-01-18,0.056415185,-0.002304919,-0.29437855
2024-01-19,0.028556526,0.010192789,-0.29305536
2024-01-22,-0.05765815,0.0642922,-0.2592384
2024-01-23,-0.15415643,0.12660193,-0.21159531
2024-01-24,-0.07458529,0.06911836,-0.2515737
2024-01-25,0.028056815,0.0052419975,-0.29041755
2024-01-26,-0.028234378,0.041217566,-0.27494103
2024-01-29,-0.0069989413,0.02863697,-0.28598425
2024-01-30,-0.106758356,0.08795131,-0.25051904
2024-01-31,-0.20878558,0.15891355,-0.16877304
2024-02-01,1.1987298,-0.7447758,-0.78144234
2024-02-02,0.13493785,-0.10188491,-0.3678189
2024-02-05,-0.5959064,0.53154784,0.11407121
2024-02-06,-0.0044196546,0.03917312,-0.2638716
2024-02-07,-0.11509615,0.11235542,-0.21870226
2024-02-15,-0.03260435,0.06065888,-0.24586754
2024-02-16,0.30647996,-0.15762267,-0.38210613
2024-02-19,-0.045087516,0.059173726,-0.24956344
2024-02-20,-0.06488156,0.06626115,-0.23902787
2024-02-21,0.009377301,0.026083104,-0.27020437
2024-02-22,-0.028896406,0.049246036,-0.25498998
2024-02-23,0.040118545,0.0035324097,-0.28196648
2024-02-26,-0.0062126666,0.03479185,-0.26659244
2024-02-27,0.045471206,0.0036942288,-0.2909927
2024-02-28,0.02424869,0.016295932,-0.2841513
2024-02-29,-0.13079436,0.11213831,-0.21259926
2024-03-01,-0.07845403,0.06864077,-0.23191585
2024-03-04,-0.010729864,0.037065066,-0.2622645
2024-03-05,-0.05635859,0.07137899,-0.24445795
2024-03-06,0.25985786,-0.13011602,-0.37109226
2024-03-07,-0.12516701,0.11097673,-0.2160342
2024-03-08,-0.34883085,0.26991266,-0.008280746
2024-03-11,1.0297492,-0.68988127,-0.6296465
2024-03-12,-0.049495116,-0.023745485,-0.21129362
2024-03-13,-0.23758756,0.1805624,-0.09741315
2024-03-14,0.28993723,-0.20276657,-0.34329054
2024-03-15,-0.14430238,0.09161321,-0.16990831
2024-03-18,-0.2315681,0.13648754,-0.08318816
2024-03-19,-0.019325227,-0.020231023,-0.20035015
2024-03-20,-0.34213537,0.32019374,0.013521881
2024-03-21,-0.13341159,0.17029402,-0.12829055
2024-03-22,-0.013727322,0.08201388,-0.19208167
2024-03-25,-0.084069625,0.116832934,-0.15492615
2024-03-26,-0.09211263,0.14007244,-0.1429974
2024-03-27,0.02538769,0.06374537,-0.19629243
2024-03-28,0.067341685,0.036724232,-0.21433322
2024-03-29,0.03133571,0.057395667,-0.20060404
2024-04-01,-0.11268874,0.13192302,-0.11718796
2024-04-02,0.09107417,-0.006595738,-0.20850627
2024-04-03,-0.14811705,0.11875007,-0.07053045
2024-04-04,-0.06879733,0.030883007,-0.11909276
2024-04-05,0.2191059,-0.1775834,-0.23107421
2024-04-08,0.2529505,-0.1947158,-0.255825
2024-04-09,-0.13273032,0.080869146,-0.10320108
2024-04-10,0.33146453,-0.22752312,-0.29625687
2024-04-11,0.100730866,-0.09303879,-0.2094463
2024-04-12,-0.2244491,0.20555693,-0.039173536
2024-04-15,-0.34358242,0.24346802,0.10174066
2024-04-16,-0.10771672,0.07791255,-0.06357527
2024-04-17,0.1205616,-0.114711,-0.13909836
2024-04-19,0.15781546,-0.16649017,-0.15035242
2024-04-22,0.05796495,-0.11623268,-0.11102615
2024-04-23,-0.16284549,-0.020780068,-0.005573117
2024-04-24,-0.06608348,-0.041119568,-0.05259349
2024-04-25,-0.032980643,-0.0803417,-0.057766367
2024-04-26,0.010750055,-0.10717091,-0.07596573
2024-05-02,-0.08664956,-0.03800425,-0.040675376
2024-05-03,0.018976524,-0.10156585,-0.0826312
2024-05-06,-0.16967309,0.059253335,0.0037910072
2024-05-07,0.11059111,-0.13110945,-0.12240659
2024-05-08,0.015096396,-0.08898893,-0.08248894
2024-05-09,0.05253087,-0.10656649,-0.101745635
2024-05-10,-0.009693831,-0.077283025,-0.089011505
2024-05-13,0.14454198,-0.16961774,-0.1601835
2024-05-14,-0.060474724,-0.033957303,-0.08170295
2024-05-15,-0.033467434,-0.04786227,-0.09635842
2024-05-16,0.32446983,-0.23789153,-0.26248944
2024-05-17,1.1639545,-0.78247607,-0.61834455
2024-05-20,0.20787281,-0.19205073,-0.25450435
2024-05-21,0.8046827,-0.56016386,-0.5079377
2024-05-22,-0.031529844,-0.075946055,-0.17219855
2024-05-23,-0.014356822,-0.080816045,-0.1813125
2024-05-24,0.44051182,-0.38732225,-0.35939756
2024-05-27,0.57526845,-0.47784442,-0.4230564
2024-05-28,0.20374238,-0.24495766,-0.2851678
2024-05-29,-0.25916368,0.04573054,-0.07129165
2024-05-30,-0.34312722,0.093728624,0.004305822
2024-05-31,-0.0851505,-0.11301943,-0.1397531
2024-06-03,-0.45733157,0.26293617,0.10436836
2024-06-04,-0.024501026,-0.08608263,-0.15718096
2024-06-05,-0.13573734,-0.036707416,-0.10492463
2024-06-06,-0.06823606,-0.06902732,-0.1387534
2024-06-07,-0.049670756,-0.07544828,-0.15136372
2024-06-10,-0.086945266,-0.039021924,-0.13993591
2024-06-11,-0.011986345,-0.09280169,-0.17292562
2024-06-12,-0.24773096,0.12414298,-0.048378255
2024-06-13,0.046596378,-0.057782717,-0.20818718
2024-06-14,-0.1937067,0.07977329,-0.08427641
2024-06-17,-0.005740911,-0.041465238,-0.17799129
2024-06-18,-0.0077937394,-0.04317166,-0.18550599
2024-06-19,0.17198282,-0.15422913,-0.26445445
2024-06-20,-0.030286968,-0.03439691,-0.1853217
2024-06-21,0.15612438,-0.15535232,-0.26180917
2024-06-24,-0.28057066,0.11641628,-0.028503597
2024-06-25,-0.01897794,-0.08070537,-0.17214356
2024-06-26,0.055086553,-0.12824184,-0.20349933
2024-06-27,0.28968334,-0.24712136,-0.31190413
2024-06-28,-0.17389776,0.026552461,-0.119619384
2024-07-01,1.0623441,-0.72107184,-0.63602823
2024-07-02,-0.15362895,0.039096363,-0.16579932
2024-07-03,0.13027453,-0.12473855,-0.286238
2024-07-04,-0.03775686,-0.030253664,-0.22006203
2024-07-05,-0.02332674,-0.039259456,-0.22612572
2024-07-08,0.016670436,-0.07132729,-0.24310677
2024-07-09,-0.22349527,0.13341597,-0.120585084
2024-07-10,0.51351994,-0.3356965,-0.4518516
2024-07-11,0.37496072,-0.19932061,-0.43859828
2024-07-12,0.44152814,-0.29366854,-0.46613535
2024-07-15,0.033477664,-0.042847835,-0.31202888
2024-07-16,-0.24236268,0.3756434,-0.21402045
2024-07-17,-0.57801706,0.5373948,0.08775404
2024-07-18,-0.11650658,0.11070616,-0.22247152
2024-07-19,-0.13629925,0.12454032,-0.20715497
2024-07-22,0.5048352,-0.28948423,-0.47352156
2024-07-23,-0.6178684,0.479846,0.21188337
2024-07-24,0.003514558,-0.019908138,-0.19194035
2024-07-25,-0.01703547,-0.007458605,-0.18408237
2024-07-26,0.07246277,-0.040925764,-0.22769566
2024-07-29,-0.05877448,0.02660381,-0.17286672
2024-07-30,-0.047460943,0.046355486,-0.18351123
2024-07-31,-0.01733023,0.02223283,-0.19354506
2024-08-01,-0.35681134,0.24261284,0.0748439
2024-08-02,-0.081312425,0.0436335,-0.11719662
2024-08-05,-0.24797978,0.13400012,0.030540127
2024-08-06,-0.008475244,-0.015060209,-0.109160215
2024-08-07,-0.0023068786,-0.021992348,-0.110876955
2024-08-08,-0.042329445,-0.01730705,-0.08742648
2024-08-09,-0.077021174,0.031731933,-0.07981965
2024-08-12,-0.024186432,0.017096952,-0.10662195
2024-08-13,0.0984118,-0.064925745,-0.16150337
2024-08-14,0.4619869,-0.31056154,-0.31860596
2024-08-15,0.09725106,-0.10024588,-0.17677984
2024-08-16,-0.16652766,0.1357126,-0.04943588
2024-08-19,0.009203181,0.011896491,-0.14689821
2024-08-20,0.9716329,-0.5838575,-0.5554144
2024-08-21,-0.118156634,0.11996376,-0.12544517
2024-08-22,-0.09058383,0.077363074,-0.13791622
2024-08-23,0.07288949,-0.01490318,-0.20669624
2024-08-26,0.024143726,0.006107919,-0.19319297
2024-08-27,0.10639581,-0.049281634,-0.22742343
2024-08-28,-0.032452233,0.05129478,-0.17829026
2024-08-29,0.97071856,-0.5658002,-0.5983975
2024-08-30,0.12064117,-0.050788052,-0.26934204
2024-09-04,0.77128106,-0.48755637,-0.52874094
2024-09-05,-0.15466547,0.053271674,-0.14901687
2024-09-06,-0.019985214,-0.029826201,-0.20989057
2024-09-09,0.12439096,-0.12459627,-0.2698084
2024-09-10,0.10576618,-0.12865293,-0.2626889
2024-09-11,0.024459496,-0.07028706,-0.23526812
2024-09-12,-0.019655421,-0.03675255,-0.2204303
2024-09-13,0.022605985,-0.0700892,-0.23559017
2024-09-16,0.013461813,-0.065229915,-0.23292242
2024-09-17,1.0021491,-0.65777016,-0.64254487
2024-09-18,-0.07561566,0.0072453395,-0.22760616
2024-09-19,0.053699017,-0.07247282,-0.27941763
2024-09-20,0.34974653,-0.11484831,-0.455812
2024-09-23,0.39370996,-0.066834025,-0.5060924
2024-09-24,-0.10423207,0.40400115,-0.31636983
2024-09-25,-0.090109706,0.40558377,-0.32350016
2024-09-26,0.08638053,0.22986484,-0.4090036
2024-09-27,0.16575629,0.18207884,-0.44238245
2024-09-30,0.1426282,0.20071882,-0.43591145
2024-10-01,0.07833211,0.22938618,-0.40669197
2024-10-02,0.73418313,-0.14004359,-0.6874098
2024-10-03,0.82787246,-0.21125236,-0.7329313
2024-10-04,-0.2253578,0.4323553,-0.20357023
2024-10-07,0.10521853,0.14037192,-0.40326226
2024-10-08,0.28835532,0.034645088,-0.4821306
2024-10-09,-0.04276231,0.3611648,-0.37103716
2024-10-10,0.0065658987,0.26026618,-0.38697565
2024-10-11,0.17982802,0.13528112,-0.4591198
2024-10-14,0.023862988,0.27764747,-0.41192117
2024-10-15,0.07997115,0.18098527,-0.4160818
2024-10-16,-0.038378403,0.20172742,-0.35014737
2024-10-17,-0.11753312,0.26652154,-0.31578422
2024-10-18,0.11211613,0.04151229,-0.40168694
2024-10-21,-0.15003766,0.0954392,-0.24463151
2024-10-22,0.15981656,-0.12710717,-0.3598419
2024-10-23,0.7131578,-0.47197556,-0.5864348
2024-10-24,-0.4031659,0.2474531,-0.045184348
2024-10-25,-0.038489476,-0.04327295,-0.2688312
2024-10-28,-0.14127456,0.025770932,-0.24307136
2024-10-29,-0.17097624,0.061335124,-0.23109986
2024-10-30,-0.031674027,-0.03109119,-0.30039582
2024-10-31,0.009292126,-0.054643996,-0.3207542
2024-11-01,-0.15134291,0.017488055,-0.24450628
2024-11-04,-0.047451556,-0.055741712,-0.28308
2024-11-05,-0.055898547,-0.051329672,-0.28197575
2024-11-06,-0.07056719,-0.016840883,-0.28291637
2024-11-07,-0.03712724,-0.040246636,-0.2953615
2024-11-08,-0.13996924,0.0072357506,-0.24815314
2024-11-11,0.13726312,-0.17892069,-0.35368192
2024-11-12,-0.07330744,-0.06608781,-0.27611548
2024-11-13,-0.08536588,-0.055629134,-0.27202454
2024-11-14,0.3349592,-0.33764565,-0.43343803
2024-11-15,-0.1821293,-0.040920414,-0.22671063
2024-11-18,-0.06629273,-0.11876251,-0.27136064
2024-11-19,-0.053955898,-0.14181435,-0.27113026
2024-11-20,-0.39428315,0.15295535,-0.068502456
2024-11-21,-0.1807253,-0.000115733594,-0.22196962
2024-11-22,-0.06684157,-0.0696917,-0.2673217
2024-11-25,0.009588867,-0.12118825,-0.29770648
2024-11-26,-0.024925917,-0.09096163,-0.28758407
2024-11-27,-0.06430954,-0.06791058,-0.27496043
2024-11-28,-0.052327603,-0.08216428,-0.28109455
2024-11-29,0.23876795,-0.2542776,-0.4019664
2024-12-02,-0.022191346,-0.096027136,-0.3007989
2024-12-03,-0.1523319,-0.02831819,-0.24467798
2024-12-04,0.42330378,-0.39003134,-0.4748127
2024-12-05,-0.58253896,0.3917138,0.060582455
2024-12-06,-0.006476462,-0.081053376,-0.29169732
2024-12-09,0.053259075,-0.11499036,-0.31803846
2024-12-10,-0.023489267,-0.078796096,-0.2869283
2024-12-11,-0.057506934,-0.05533228,-0.2749145
2024-12-12,0.24207953,-0.24145669,-0.39668378
2024-12-13,0.1849151,-0.21309188,-0.37884724
2024-12-16,-0.10156906,-0.04783345,-0.26306129
2024-12-17,0.16428962,-0.2104094,-0.37414998
2024-12-18,0.33003375,-0.31311065,-0.4495077
2024-12-19,0.15761638,-0.23208115,-0.37627372
2024-12-20,-0.15764706,-0.029640578,-0.2547473
2024-12-23,-0.06452358,-0.08348691,-0.2920769
2024-12-24,-0.070878,-0.08915153,-0.28623778
2024-12-25,-0.44754848,0.26132905,-0.045074202
2024-12-26,-0.2513002,0.12246356,-0.18290293
2024-12-27,-0.04602948,-0.016789176,-0.29653853
2024-12-30,-0.1873671,0.060544655,-0.2253011
2024-12-31,-0.03209415,-0.019847825,-0.29864916
2025-01-02,0.007649958,-0.038592868,-0.31912816
2025-01-03,0.27336717,-0.23486754,-0.41429985
2025-01-06,-0.15676337,0.010261372,-0.23780183
2025-01-07,-0.2843107,0.15985972,-0.14751463
2025-01-08,0.0042316765,-0.05507441,-0.30107552
2025-01-09,-0.07665615,-0.012169711,-0.266873
2025-01-10,-0.24017295,0.0944706,-0.1678016
2025-01-13,-0.1984788,0.10338821,-0.19793484
2025-01-14,-0.07958576,0.024090655,-0.2618368
2025-01-15,-0.031944767,-0.00127808,-0.28270096
2025-01-16,-0.026782319,0.0013907775,-0.28663102
2025-01-17,0.20045412,-0.13362527,-0.38593042
2025-01-20,-0.1608982,0.1144518,-0.24132587
2025-01-21,-0.02776888,0.027936056,-0.30051196
2025-01-22,0.025829062,-0.0079168305,-0.3229053
2025-01-23,0.1410673,-0.077459596,-0.36796504
2025-01-24,0.19367522,-0.11237437,-0.3910912
2025-02-03,-0.20076704,0.13336536,-0.21033394
2025-02-04,-0.15111434,0.109994076,-0.24477051
2025-02-05,0.070586264,-0.031113632,-0.33678105
2025-02-06,-0.02234976,0.026258118,-0.30245903
2025-02-07,0.4841197,-0.29554576,-0.5042181
2025-02-10,0.24404168,-0.14889884,-0.4192565
2025-02-11,0.34347862,-0.2151123,-0.46317816
2025-02-12,-0.22019121,0.14102957,-0.21390145
2025-02-13,-0.0064213723,0.0053911805,-0.3254146
2025-02-14,0.48800492,-0.31024286,-0.52242196
2025-02-17,0.005733371,-0.025090687,-0.33570147
2025-02-18,0.22036389,-0.15602711,-0.42180544
2025-02-19,-0.05005291,0.02052579,-0.32498968
2025-02-20,-0.049767956,0.020000398,-0.32676595
2025-02-21,-0.030811891,0.008456439,-0.3366328
2025-02-24,0.28491956,-0.18876305,-0.46217626
2025-02-25,-0.24437727,0.1660747,-0.22189471
2025-02-26,-0.182375,0.103819765,-0.26043823
2025-02-27,0.37691516,-0.24832606,-0.48991042
2025-02-28,-0.14519012,0.060217284,-0.28531826
2025-03-03,0.5629944,-0.37162858,-0.5665052
2025-03-04,0.33586127,-0.15055981,-0.5217573
2025-03-05,-0.042645916,0.119377874,-0.3862899
2025-03-06,-0.36378032,0.40932453,-0.15893197
2025-03-07,-0.21184404,0.13850501,-0.24208088
2025-03-10,-0.04048547,0.018468589,-0.3278353
2025-03-11,-0.14778142,0.08714449,-0.28726667
2025-03-12,0.1926623,-0.13099957,-0.4167245
2025-03-13,-0.24473761,0.14302412,-0.20509289
2025-03-14,-0.007332325,-0.02413211,-0.3260602
2025-03-17,0.17902407,-0.14071095,-0.40037912
2025-03-18,-0.33440894,0.20057452,-0.12504368
2025-03-19,-0.050311834,-0.023040064,-0.28995314
2025-03-20,-0.20497759,0.115330435,-0.2173063
2025-03-21,-0.033355594,-0.0002508983,-0.304733
2025-03-24,-0.030771583,0.0046855733,-0.30897722
2025-03-25,0.105272055,-0.093746744,-0.35639924
2025-03-26,-0.032758147,-0.02279266,-0.29800916
2025-03-27,-0.078854695,-0.001460202,-0.28069276
2025-03-28,0.09332773,-0.10869402,-0.35230714
2025-03-31,-0.08413026,0.01322595,-0.28710696
2025-04-01,-0.20655043,0.13916284,-0.2263142
2025-04-02,-0.16127741,0.0871468,-0.2519552
2025-04-03,-0.6361853,0.44968727,0.23853202
2025-04-04,0.113779426,-0.14847547,-0.22150894
2025-04-08,-0.6348709,0.36363667,0.33361
2025-04-09,0.040939957,-0.1915901,-0.07213637
2025-04-10,-0.4938943,0.3682459,0.28978395
2025-04-11,-0.25615314,0.29776597,0.15695715
2025-04-14,0.038303047,0.05956833,-0.027473185
2025-04-15,-0.012231365,0.0599086,0.0051496075
2025-04-16,0.052261412,0.014461622,-0.018770438
2025-04-17,0.022517577,0.03859336,-0.009419798
2025-04-18,0.05827576,0.034162268,-0.02983787
2025-04-21,0.015223861,0.040096916,-0.005429092
2025-04-22,0.02462405,0.04450965,-0.0128429225
2025-04-23,0.012755632,0.07255537,-0.013452015
2025-04-24,0.03743601,0.047883503,-0.019363407
2025-04-25,0.015443787,0.082521476,-0.01737906
2025-04-28,0.039622545,0.07842255,-0.029778969
2025-04-29,0.049089685,0.062275924,-0.0311068
2025-05-05,0.10604134,0.026224263,-0.057099562
2025-05-06,0.048495278,0.059978306,-0.035746876
2025-05-07,0.8383263,-0.45697182,-0.3842635
2025-05-08,0.026921228,0.049720198,-0.065613195
2025-05-09,1.242415,-0.7248426,-0.5955819
2025-05-12,0.11466968,-0.021787204,-0.1641648
2025-05-13,1.168283,-0.6422316,-0.62011826
2025-05-14,1.3608456,-0.4742627,-0.8776635
2025-05-15,0.00399369,0.49871093,-0.35118937
2025-05-16,0.28021783,0.20561811,-0.45001125
2025-05-19,0.15863988,0.27366447,-0.40058154
2025-05-20,0.12202391,0.3575332,-0.4058439
2025-05-21,0.21109396,0.377818,-0.4650914
2025-05-22,0.041235775,0.33530274,-0.35036528
2025-05-23,0.13412118,0.3009445,-0.3900796
2025-05-26,0.2336725,0.2824162,-0.44609827
2025-05-27,0.21569967,0.28745812,-0.4389743
2025-05-28,0.16220018,0.2788104,-0.40474987
2025-05-29,0.11068928,0.28145692,-0.37501335
2025-05-30,0.11488137,0.23529857,-0.36189252
2025-06-02,0.07923837,0.31269252,-0.36602402
2025-06-03,0.14319423,0.3132788,-0.40363246
2025-06-04,0.3109513,0.1649825,-0.46096724
2025-06-05,0.15895915,0.2169382,-0.38968658
2025-06-06,-0.02284734,0.24408343,-0.27459127
2025-06-09,0.22818989,0.12561038,-0.3971208
2025-06-10,1.2635314,-0.47417283,-0.8421535
2025-06-11,0.12052497,0.3004037,-0.41749468
2025-06-12,0.44570082,0.25166413,-0.5977431
2025-06-13,0.6443534,0.19877231,-0.7053901
2025-06-16,0.13143402,0.52438104,-0.5190557
2025-06-17,0.35964328,0.41040993,-0.6058618
2025-06-18,0.3513772,0.43525428,-0.6122022
2025-06-19,0.93152004,0.11258379,-0.8613127
2025-06-20,-0.23457444,1.0459849,-0.28693664
2025-06-23,0.24184942,0.4688928,-0.542978
2025-06-24,0.23913318,0.46861672,-0.5420468
2025-06-25,0.07704036,0.4488046,-0.43703938
2025-06-26,0.17276067,0.46317995,-0.49739593
2025-06-27,0.15822452,0.42506582,-0.47436407
2025-06-30,0.27673712,0.40561002,-0.5396342
2025-07-01,0.18931162,0.45500016,-0.5053242
2025-07-02,0.27428904,0.29216588,-0.5296013
2025-07-03,0.22743887,0.30035138,-0.5063396
2025-07-04,0.40646148,0.0495475,-0.5672529
2025-07-07,-0.04007435,0.33483306,-0.383326
2025-07-08,0.08793843,0.11382752,-0.42156318
2025-07-09,-0.041511804,0.017169751,-0.3307823
2025-07-10,0.16250572,-0.11356776,-0.4116702
2025-07-11,-0.09350391,0.04622964,-0.31548458
2025-07-14,0.04635285,-0.04056505,-0.3718788
2025-07-15,-0.14682451,0.07483967,-0.29536065
2025-07-16,-0.034642786,0.008720197,-0.33890197
2025-07-17,-0.03794247,0.010404676,-0.33933163
2025-07-18,0.8689098,-0.558555,-0.696173
2025-07-21,-0.24160562,0.1403558,-0.23767252
2025-07-22,-0.08924642,0.03839738,-0.32503507
2025-07-23,0.34736335,-0.23358947,-0.49894047
2025-07-24,-0.6094351,0.5271359,0.042337433
2025-07-25,0.17540604,-0.11065807,-0.403537
2025-07-28,-0.071959436,0.043299623,-0.30594546
2025-07-29,-0.621902,0.47421736,0.2176473
2025-07-30,-0.12794094,0.08788531,-0.13737147
2025-07-31,0.0055063516,0.0040019974,-0.19638173
2025-08-01,-0.077112794,0.039597377,-0.1558332
2025-08-04,-0.101050824,0.09540623,-0.15204157
2025-08-05,-0.41721287,0.45437884,0.1277136
2025-08-06,-0.07149469,0.15299842,-0.10127178
2025-08-07,0.07034238,0.05991327,-0.16820015
2025-08-08,-0.009188071,0.10630735,-0.13756128
2025-08-11,-0.10172772,0.18786016,-0.059495065
2025-08-12,0.07596001,0.0649673,-0.15495743
2025-08-13,-0.16359179,0.26339984,0.019206386
2025-08-14,-0.15476352,0.27782327,0.052120164
2025-08-15,0.048665285,0.11525334,-0.07122558
2025-08-18,-0.0013456196,0.13880426,-0.044789184
2025-08-19,0.06852502,0.10442398,-0.074162565
2025-08-20,-0.038871042,0.17016086,-0.012885614
2025-08-21,0.124373585,0.07248281,-0.091222346
2025-08-22,-0.17626727,0.25755444,0.12756014
2025-08-25,-0.07541386,0.124736615,0.08029742
2025-08-26,0.76396173,-0.30522716,-0.28138632
2025-08-27,-0.0002849847,0.12556106,-0.015096356
2025-08-28,0.009761706,0.10893423,-0.012510329
2025-08-29,0.15480497,0.05346053,-0.0836232
2025-09-03,0.064488545,0.121389456,-0.053024497
2025-09-04,0.42868823,-0.10888823,-0.2082801
2025-09-05,-0.08182515,0.17363867,0.03765062
2025-09-08,-0.0816007,0.13298666,0.058177818
2025-09-09,0.055021226,0.038265593,-0.010256785
2025-09-10,0.21161792,-0.041289248,-0.083889015
2025-09-11,0.031693637,0.050423615,-0.009988009
2025-09-12,0.5671794,-0.2877706,-0.24141555
2025-09-15,1.0430365,-0.5912179,-0.47052592
2025-09-16,0.0265138,0.061866328,-0.09035981
2025-09-17,0.005388707,0.045546122,-0.06964227
2025-09-18,0.08648695,-0.01562313,-0.09824411
2025-09-19,0.05442156,-0.0066209286,-0.084896006
2025-09-22,0.018172592,-0.014734447,-0.059717897
2025-09-23,0.6133935,-0.37580135,-0.31434745
2025-09-24,0.16463017,-0.08021545,-0.15282008
2025-09-25,1.1397274,-0.7117958,-0.5568768
2025-09-26,-0.051699273,-0.0019371733,-0.09022324
2025-09-29,0.003034085,-0.04109907,-0.10767955
2025-09-30,0.27704036,-0.21126068,-0.21856925
2025-10-01,0.4507348,-0.3137036,-0.30055422
2025-10-02,-0.1020187,0.19711936,-0.11723541
2025-10-03,0.58137006,-0.34709263,-0.37517512
2025-10-06,0.009955376,0.33520082,-0.25525773
2025-10-07,-0.072850466,0.27642384,-0.15676014
2025-10-08,0.17576092,0.09047597,-0.2692649
2025-10-09,0.0071727037,0.30439043,-0.23536126
2025-10-10,0.14699465,0.2514917,-0.31712282
2025-10-13,0.1545721,0.22497812,-0.3108777
2025-10-14,0.4456334,-0.004345052,-0.41071942
2025-10-15,0.36303157,0.12774101,-0.41781378
2025-10-16,0.18772522,0.23825356,-0.34964657
2025-10-17,0.14809516,0.24118045,-0.32458657
2025-10-20,-0.6210877,0.4453564,0.36538064
2025-10-21,0.01473996,-0.07025846,-0.04485989
2025-10-22,0.10187036,-0.114984654,-0.084633596
2025-10-23,-0.023096085,-0.061029315,-0.04645447
2025-10-24,-0.21978123,0.034197353,0.08527337
2025-10-27,-0.18129806,-0.036701776,0.06804494
2025-10-28,-0.0805711,-0.087972015,0.01975356
2025-10-29,-0.098604396,-0.05535692,0.02081421
2025-10-30,0.0360806,-0.16446003,-0.03603703
2025-10-31,-0.07491921,-0.11999055,0.0119698
2025-11-03,0.32811987,-0.39539045,-0.14206551
2025-11-04,-0.3560904,0.13990256,0.19231008
2025-11-05,-0.035386845,-0.12044705,-0.0004397491
2025-11-06,0.13739824,-0.2387718,-0.06925642
2025-11-07,-0.050130285,-0.1558877,-0.0013419017
2025-11-10,-0.06599043,-0.16445905,-0.008207596
2025-11-11,-0.11646846,-0.12853974,0.008072335
2025-11-12,-0.20878907,-0.031716675,0.05282634
2025-11-13,-0.054801516,-0.14317489,-0.014658458
2025-11-14,-0.07412805,-0.13166106,-0.0073731868
2025-11-17,1.1627743,-0.8896096,-0.5488498
2025-11-18,-0.06250353,-0.15801522,-0.071617596
2025-11-19,-0.04585965,-0.1811113,-0.07691762
2025-11-20,-0.072102696,-0.17871195,-0.07547568
2025-11-21,0.37468648,-0.46264315,-0.26763117
2025-11-24,0.24498057,-0.39264786,-0.22374775
2025-11-25,-0.11699723,-0.194783,-0.07033537
2025-11-26,-0.16413379,-0.1327506,-0.06393897
2025-11-27,-0.024668545,-0.16293004,-0.14271992
2025-11-28,-0.013679728,-0.18669918,-0.14718832
2025-12-01,0.24340034,-0.3524639,-0.2563787
2025-12-02,1.1309617,-0.88907665,-0.63029
2025-12-03,-0.6618841,0.4135605,0.24715345
2025-12-04,-0.45470998,0.33584642,0.12761152
2025-12-05,-0.12635596,0.020608708,-0.092802405
2025-12-08,0.053981483,-0.08141006,-0.16962428
2025-12-09,-0.24249175,0.09924892,0.0001747394
2025-12-10,0.025213823,-0.0636935,-0.14849593
2025-12-11,-0.0668761,-0.025652789,-0.10222229
2025-12-12,-0.31569785,0.13075262,0.08400816
2025-12-15,-0.03578639,-0.10104677,-0.06979487
2025-12-16,-0.20227262,0.066031404,0.013642062
2025-12-17,0.00034831464,-0.07683146,-0.08752173
2025-12-18,-0.018753663,-0.050062187,-0.08547087
2025-12-19,0.006118521,-0.062369123,-0.09726936
2025-12-22,-0.10539997,0.04023137,-0.06148692
2025-12-23,0.051666215,-0.06350058,-0.12138188
2025-12-24,0.042428926,-0.046803847,-0.12436047
2025-12-25,-0.078076966,0.0074222237,-0.068679936
2025-12-26,0.016812295,-0.058712713,-0.10277572
2025-12-29,-0.0133987665,-0.042270087,-0.09521836
2025-12-30,0.026378438,-0.05806467,-0.11749034
2025-12-31,0.5149099,-0.34772933,-0.33411473
2026-01-05,0.9595178,-0.63615894,-0.5358347
2026-01-06,-0.38235483,0.35965288,0.09343896
2026-01-07,0.02368316,0.04679759,-0.16572472
2026-01-08,0.31663194,-0.14405847,-0.28675717
2026-01-09,-0.044153668,0.19987133,-0.1924537
2026-01-12,-0.063305005,0.22012216,-0.16531077
2026-01-13,0.37677634,-0.17705807,-0.3022458
2026-01-14,-0.07053615,0.066544,-0.13972262
2026-01-15,0.25288787,-0.12966076,-0.274329
2026-01-16,-0.052778386,0.04599952,-0.14962798
2026-01-19,-0.03970276,0.065041006,-0.16149502
2026-01-20,-0.027014136,0.05049576,-0.16903494
2026-01-21,-0.023391634,0.025065236,-0.16446301
2026-01-22,0.02518922,-0.007998712,-0.183349
2026-01-23,0.0008831024,0.0064401776,-0.17474894
2026-01-26,-0.25371638,0.15736964,0.0014910856
2026-01-27,-0.039684057,0.016576663,-0.1342005
2026-01-28,-0.0031126589,-0.0037776008,-0.15221247
2026-01-29,-0.0047285557,0.003656976,-0.16089316
2026-01-30,-0.05669234,0.065765984,-0.14713557
2026-02-02,0.008501157,0.031622782,-0.17507984
2026-02-03,0.9848332,-0.5602956,-0.59064573
2026-02-04,0.005416125,0.041196957,-0.21082142
2026-02-05,-0.22693922,0.18202111,-0.04923136
2026-02-06,0.27419132,-0.14434266,-0.30056757
2026-02-09,0.5891438,-0.33269498,-0.44237083
2026-02-10,0.333068,-0.1274122,-0.37656006
2026-02-11,-0.24474546,0.4585997,-0.10886204
2026-02-12,-0.18271214,0.17775464,-0.0785006
2026-02-13,0.04505384,0.011137776,-0.20133732
2026-02-23,0.116686285,-0.03198003,-0.2333878
2026-02-24,0.0061104745,0.029635616,-0.18861729
2026-02-25,0.04617372,0.03281022,-0.21345137
2026-02-26,0.031559914,0.05112257,-0.21487007
